3.126459385837727e+21
2.970497003310180e+23
2.959801867361443e+23
5.969887958805093e+23
3.008832482457110e+23
5.305404075023097e+23
5.948492216780576e+23
5.223212987883813e+23
2.262951859989501e+23
4.561593251224230e+23
5.205968203407647e+23
2.959801867361443e+23
5.969887958805093e+23
5.305404075023097e+23
3.008832482457110e+23
5.948492216780576e+23
5.223212987883813e+23
4.561593251224230e+23
2.262951859989501e+23
5.205968203407647e+23
2.937253259010939e+23
5.289824107185712e+23
5.926958885190297e+23
5.926958885190297e+23
2.944104611575105e+23
4.549046284107381e+23
5.188674255203272e+23
5.188674255203272e+23
2.210907545955481e+23
1.491781737070961e+23
1.485541090555698e+23
3.722675999624085e+23
2.241611192340554e+23
3.388588514055450e+23
3.709292441684998e+23
2.979661763023029e+23
1.499286401630984e+23
2.648013358180940e+23
2.969821361182944e+23
1.485541090555698e+23
3.722675999624085e+23
3.388588514055450e+23
2.241611192340554e+23
3.709292441684998e+23
2.979661763023029e+23
2.648013358180940e+23
1.499286401630984e+23
2.969821361182944e+23
1.472398188168676e+23
3.378868154755228e+23
3.695920768228718e+23
5.838186844854389e+23
3.711755258314023e+23
5.392059017916776e+23
5.931933049392273e+23
5.468336584384511e+23
3.342188813463190e+23
5.023217885598886e+23
5.563549483876633e+23
3.695920768228718e+23
5.838186844854389e+23
5.392059017916776e+23
3.711755258314023e+23
5.931933049392273e+23
5.468336584384511e+23
5.023217885598886e+23
3.342188813463190e+23
5.563549483876633e+23
2.201317162675042e+23
5.432961889751187e+23
4.414007891662180e+23
4.414007891662180e+23
2.187185092118512e+23
5.065197567306995e+23
4.047127450780574e+23
4.047127450780574e+23
1.822102451371863e+23
2.640893116678637e+23
2.960027688475187e+23
4.721301803242701e+23
3.334644497095384e+23
4.439553862399821e+23
4.817875359393584e+23
4.352751994382801e+23
2.966338218161527e+23
4.071858683136953e+23
4.450570177395664e+23
2.960027688475187e+23
4.721301803242701e+23
4.439553862399821e+23
3.334644497095384e+23
4.817875359393584e+23
4.352751994382801e+23
4.071858683136953e+23
2.966338218161527e+23
4.450570177395664e+23
1.469726334287512e+23
4.482534997031842e+23
3.302845063269652e+23
5.868465891311560e+23
2.600698603941980e+23
3.994939162043766e+23
4.455094600853516e+23
5.684770528214853e+23
2.417105401057487e+23
3.811606196352326e+23
4.271925183450984e+23
3.302845063269652e+23
5.868465891311560e+23
3.994939162043766e+23
2.600698603941980e+23
4.455094600853516e+23
5.684770528214853e+23
3.811606196352326e+23
2.417105401057487e+23
4.271925183450984e+23
1.818710241567003e+23
4.039514158116068e+23
2.942170244937392e+23
2.942170244937392e+23
1.090852769230674e+23
3.856555736775482e+23
2.759528572289226e+23
2.759528572289226e+23
9.088488443152578e+22
4.115758812206142e+23
2.936810635630696e+23
5.312392450485622e+23
2.414435214038393e+23
3.520781622235068e+23
3.900034676035869e+23
5.129158328620365e+23
2.231288216479577e+23
3.337854243453490e+23
3.717246224274656e+23
2.936810635630696e+23
5.312392450485622e+23
3.520781622235068e+23
2.414435214038393e+23
3.900034676035869e+23
5.129158328620365e+23
3.337854243453490e+23
2.231288216479577e+23
3.717246224274656e+23
1.454195057506992e+23
3.566078477719018e+23
2.388126621415333e+23
4.392510653006863e+23
2.049081942176407e+23
2.723205184509739e+23
2.980828000836458e+23
4.301098069854474e+23
1.957706880168336e+23
2.631922160166467e+23
2.889604080806812e+23
2.388126621415333e+23
4.392510653006863e+23
2.723205184509739e+23
2.049081942176407e+23
2.980828000836458e+23
4.301098069854474e+23
2.631922160166467e+23
1.957706880168336e+23
2.889604080806812e+23
9.076502601063101e+22
2.768939306746272e+23
1.469642229986004e+23
1.469642229986004e+23
5.444589805111729e+22
2.677790303047937e+23
1.378604323367693e+23
1.378604323367693e+23
4.536468207808010e+22
3.383468673471699e+23
2.205784145978134e+23
4.115311956917683e+23
1.956762104319770e+23
2.486864929226495e+23
2.703992844471182e+23
4.024062797217521e+23
1.865544953250555e+23
2.395725398330289e+23
2.612903531375632e+23
2.205784145978134e+23
4.115311956917683e+23
2.486864929226495e+23
1.956762104319770e+23
2.703992844471182e+23
4.024062797217521e+23
2.395725398330289e+23
1.865544953250555e+23
2.612903531375632e+23
7.258468379289773e+22
2.532857321056498e+23
1.193165296010856e+23
2.951402915927350e+23
1.023780104265292e+23
1.360906458993479e+23
1.489764055093633e+23
2.905851274384744e+23
9.782418521493426e+22
1.315400945811840e+23
1.444279551556085e+23
1.193165296010856e+23
2.951402915927350e+23
1.360906458993479e+23
1.023780104265292e+23
1.489764055093633e+23
2.905851274384744e+23
1.315400945811840e+23
9.782418521493426e+22
1.444279551556085e+23
4.532232473290085e+22
1.383869902200596e+23
7.343110626824320e+22
7.343110626824320e+22
2.718877796645826e+22
1.338412020764034e+23
6.888921579843163e+22
6.888921579843163e+22
2.265487545304033e+22
2.441831378835281e+23
1.102233187600560e+23
2.813101447873059e+23
9.779076838910787e+22
1.242998274340215e+23
1.351591934362467e+23
2.767607670027830e+23
9.324252976642024e+22
1.197543516080863e+23
1.306154998688482e+23
1.102233187600560e+23
2.813101447873059e+23
1.242998274340215e+23
9.779076838910787e+22
1.351591934362467e+23
2.767607670027830e+23
1.197543516080863e+23
9.324252976642024e+22
1.306154998688482e+23
3.624819424405357e+22
1.266053490421229e+23
5.962652721892191e+22
1.475421588178239e+23
5.116208877679573e+22
6.802075057723008e+22
7.446525013119735e+22
1.452700518952702e+23
4.889045801935730e+22
6.575028228856584e+22
7.219552746126762e+22
5.962652721892191e+22
1.475421588178239e+23
6.802075057723008e+22
5.116208877679573e+22
7.446525013119735e+22
1.452700518952702e+23
6.575028228856584e+22
4.889045801935730e+22
7.219552746126762e+22
2.263990469695839e+22
6.917238618207385e+22
3.669752245154570e+22
3.669752245154570e+22
1.358231573892784e+22
6.690360811109290e+22
3.443011484417566e+22
3.443011484417566e+22
1.131773392575784e+22
4.041745016495044e+22
1.948586827338654e+22
1.948586827338654e+22
7.925721212704012e+21
3.928362783218977e+22
1.835264965927954e+22
1.835264965927954e+22
6.793755435855538e+21
1.220639068060202e+23
5.508837758202558e+22
1.406376308750117e+23
4.887863997706169e+22
6.213460028837860e+22
6.756531507405650e+22
1.383675718145810e+23
4.660898523242767e+22
5.986592698163785e+22
6.529727358050185e+22
5.508837758202558e+22
1.406376308750117e+23
6.213460028837860e+22
4.887863997706169e+22
6.756531507405650e+22
1.383675718145810e+23
5.986592698163785e+22
4.660898523242767e+22
6.529727358050185e+22
1.810850639332610e+22
6.328949203275212e+22
2.980204577132027e+22
7.376118601917699e+22
2.557152415905719e+22
3.400169763194557e+22
3.722451675908234e+22
7.262706999356251e+22
2.443757717368439e+22
3.286816289478719e+22
3.609124633852682e+22
2.980204577132027e+22
7.376118601917699e+22
3.400169763194557e+22
2.557152415905719e+22
3.722451675908234e+22
7.262706999356251e+22
3.286816289478719e+22
2.443757717368439e+22
3.609124633852682e+22
1.131244218419872e+22
3.458646011342777e+22
1.834904015306786e+22
1.834904015306786e+22
6.791340568262850e+21
3.345305612316957e+22
1.721618280347362e+22
1.721618280347362e+22
5.659616637595064e+21
6.102224920422129e+22
2.753596080593820e+22
7.031265351926201e+22
2.443339802609745e+22
3.106189543946316e+22
3.377761303235112e+22
6.917926203164882e+22
2.330014987295817e+22
2.992899544936351e+22
3.264493684177511e+22
2.753596080593820e+22
7.031265351926201e+22
3.106189543946316e+22
2.443339802609745e+22
3.377761303235112e+22
6.917926203164882e+22
2.992899544936351e+22
2.330014987295817e+22
3.264493684177511e+22
9.048745512697568e+21
3.164684260880400e+22
1.490287375325607e+22
1.490287375325607e+22
5.657456766684130e+21
3.051390779097657e+22
1.377042076003941e+22
1.377042076003941e+22
4.526003404470067e+21
3.126459385837727e+21
2.959801867361443e+23
3.008832482457110e+23
5.969887958805093e+23
5.948492216780576e+23
5.305404075023097e+23
2.262951859989501e+23
5.223212987883813e+23
5.205968203407647e+23
4.561593251224230e+23
2.970497003310180e+23
2.937253259010939e+23
5.926958885190297e+23
5.289824107185712e+23
2.944104611575105e+23
5.926958885190297e+23
5.188674255203272e+23
4.549046284107381e+23
2.210907545955481e+23
5.188674255203272e+23
2.959801867361443e+23
5.305404075023097e+23
5.969887958805093e+23
5.948492216780576e+23
3.008832482457110e+23
4.561593251224230e+23
5.223212987883813e+23
5.205968203407647e+23
2.262951859989501e+23
1.485541090555698e+23
2.241611192340554e+23
3.722675999624085e+23
3.709292441684998e+23
3.388588514055450e+23
1.499286401630984e+23
2.979661763023029e+23
2.969821361182944e+23
2.648013358180940e+23
1.491781737070961e+23
1.472398188168676e+23
3.695920768228718e+23
3.711755258314023e+23
5.838186844854389e+23
5.931933049392273e+23
5.392059017916776e+23
3.342188813463190e+23
5.468336584384511e+23
5.563549483876633e+23
5.023217885598886e+23
3.378868154755228e+23
2.201317162675042e+23
4.414007891662180e+23
5.432961889751187e+23
2.187185092118512e+23
4.414007891662180e+23
4.047127450780574e+23
5.065197567306995e+23
1.822102451371863e+23
4.047127450780574e+23
3.695920768228718e+23
5.392059017916776e+23
5.838186844854389e+23
5.931933049392273e+23
3.711755258314023e+23
5.023217885598886e+23
5.468336584384511e+23
5.563549483876633e+23
3.342188813463190e+23
2.960027688475187e+23
3.334644497095384e+23
4.721301803242701e+23
4.817875359393584e+23
4.439553862399821e+23
2.966338218161527e+23
4.352751994382801e+23
4.450570177395664e+23
4.071858683136953e+23
2.640893116678637e+23
1.469726334287512e+23
3.302845063269652e+23
2.600698603941980e+23
5.868465891311560e+23
4.455094600853516e+23
3.994939162043766e+23
2.417105401057487e+23
5.684770528214853e+23
4.271925183450984e+23
3.811606196352326e+23
4.482534997031842e+23
1.818710241567003e+23
2.942170244937392e+23
4.039514158116068e+23
1.090852769230674e+23
2.942170244937392e+23
2.759528572289226e+23
3.856555736775482e+23
9.088488443152578e+22
2.759528572289226e+23
3.302845063269652e+23
3.994939162043766e+23
5.868465891311560e+23
4.455094600853516e+23
2.600698603941980e+23
3.811606196352326e+23
5.684770528214853e+23
4.271925183450984e+23
2.417105401057487e+23
2.936810635630696e+23
2.414435214038393e+23
5.312392450485622e+23
3.900034676035869e+23
3.520781622235068e+23
2.231288216479577e+23
5.129158328620365e+23
3.717246224274656e+23
3.337854243453490e+23
4.115758812206142e+23
1.454195057506992e+23
2.388126621415333e+23
2.049081942176407e+23
4.392510653006863e+23
2.980828000836458e+23
2.723205184509739e+23
1.957706880168336e+23
4.301098069854474e+23
2.889604080806812e+23
2.631922160166467e+23
3.566078477719018e+23
9.076502601063101e+22
1.469642229986004e+23
2.768939306746272e+23
5.444589805111729e+22
1.469642229986004e+23
1.378604323367693e+23
2.677790303047937e+23
4.536468207808010e+22
1.378604323367693e+23
2.388126621415333e+23
2.723205184509739e+23
4.392510653006863e+23
2.980828000836458e+23
2.049081942176407e+23
2.631922160166467e+23
4.301098069854474e+23
2.889604080806812e+23
1.957706880168336e+23
2.205784145978134e+23
1.956762104319770e+23
4.115311956917683e+23
2.703992844471182e+23
2.486864929226495e+23
1.865544953250555e+23
4.024062797217521e+23
2.612903531375632e+23
2.395725398330289e+23
3.383468673471699e+23
7.258468379289773e+22
1.193165296010856e+23
1.023780104265292e+23
2.951402915927350e+23
1.489764055093633e+23
1.360906458993479e+23
9.782418521493426e+22
2.905851274384744e+23
1.444279551556085e+23
1.315400945811840e+23
2.532857321056498e+23
4.532232473290085e+22
7.343110626824320e+22
1.383869902200596e+23
2.718877796645826e+22
7.343110626824320e+22
6.888921579843163e+22
1.338412020764034e+23
2.265487545304033e+22
6.888921579843163e+22
1.193165296010856e+23
1.360906458993479e+23
2.951402915927350e+23
1.489764055093633e+23
1.023780104265292e+23
1.315400945811840e+23
2.905851274384744e+23
1.444279551556085e+23
9.782418521493426e+22
1.102233187600560e+23
9.779076838910787e+22
2.813101447873059e+23
1.351591934362467e+23
1.242998274340215e+23
9.324252976642024e+22
2.767607670027830e+23
1.306154998688482e+23
1.197543516080863e+23
2.441831378835281e+23
3.624819424405357e+22
5.962652721892191e+22
5.116208877679573e+22
1.475421588178239e+23
7.446525013119735e+22
6.802075057723008e+22
4.889045801935730e+22
1.452700518952702e+23
7.219552746126762e+22
6.575028228856584e+22
1.266053490421229e+23
2.263990469695839e+22
3.669752245154570e+22
6.917238618207385e+22
1.358231573892784e+22
3.669752245154570e+22
3.443011484417566e+22
6.690360811109290e+22
1.131773392575784e+22
1.948586827338654e+22
4.041745016495044e+22
7.925721212704012e+21
1.948586827338654e+22
1.835264965927954e+22
3.928362783218977e+22
6.793755435855538e+21
1.835264965927954e+22
3.443011484417566e+22
5.962652721892191e+22
6.802075057723008e+22
1.475421588178239e+23
7.446525013119735e+22
5.116208877679573e+22
6.575028228856584e+22
1.452700518952702e+23
7.219552746126762e+22
4.889045801935730e+22
5.508837758202558e+22
4.887863997706169e+22
1.406376308750117e+23
6.756531507405650e+22
6.213460028837860e+22
4.660898523242767e+22
1.383675718145810e+23
6.529727358050185e+22
5.986592698163785e+22
1.220639068060202e+23
1.810850639332610e+22
2.980204577132027e+22
2.557152415905719e+22
7.376118601917699e+22
3.722451675908234e+22
3.400169763194557e+22
2.443757717368439e+22
7.262706999356251e+22
3.609124633852682e+22
3.286816289478719e+22
6.328949203275212e+22
1.131244218419872e+22
1.834904015306786e+22
3.458646011342777e+22
6.791340568262850e+21
1.834904015306786e+22
1.721618280347362e+22
3.345305612316957e+22
5.659616637595064e+21
1.721618280347362e+22
2.980204577132027e+22
3.400169763194557e+22
7.376118601917699e+22
3.722451675908234e+22
2.557152415905719e+22
3.286816289478719e+22
7.262706999356251e+22
3.609124633852682e+22
2.443757717368439e+22
2.753596080593820e+22
2.443339802609745e+22
7.031265351926201e+22
3.377761303235112e+22
3.106189543946316e+22
2.330014987295817e+22
6.917926203164882e+22
3.264493684177511e+22
2.992899544936351e+22
6.102224920422129e+22
9.048745512697568e+21
1.490287375325607e+22
3.164684260880400e+22
5.657456766684130e+21
1.490287375325607e+22
1.377042076003941e+22
3.051390779097657e+22
4.526003404470067e+21
1.377042076003941e+22
2.753596080593820e+22
3.106189543946316e+22
7.031265351926201e+22
3.377761303235112e+22
2.443339802609745e+22
2.992899544936351e+22
6.917926203164882e+22
3.264493684177511e+22
2.330014987295817e+22
5.508837758202558e+22
6.213460028837860e+22
1.406376308750117e+23
6.756531507405650e+22
4.887863997706169e+22
5.986592698163785e+22
1.383675718145810e+23
6.529727358050185e+22
4.660898523242767e+22
1.102233187600560e+23
1.242998274340215e+23
2.813101447873059e+23
1.351591934362467e+23
9.779076838910787e+22
1.197543516080863e+23
2.767607670027830e+23
1.306154998688482e+23
9.324252976642024e+22
2.205784145978134e+23
2.486864929226495e+23
4.115311956917683e+23
2.703992844471182e+23
1.956762104319770e+23
2.395725398330289e+23
4.024062797217521e+23
2.612903531375632e+23
1.865544953250555e+23
2.936810635630696e+23
3.520781622235068e+23
5.312392450485622e+23
3.900034676035869e+23
2.414435214038393e+23
3.337854243453490e+23
5.129158328620365e+23
3.717246224274656e+23
2.231288216479577e+23
2.960027688475187e+23
4.439553862399821e+23
4.721301803242701e+23
4.817875359393584e+23
3.334644497095384e+23
4.071858683136953e+23
4.352751994382801e+23
4.450570177395664e+23
2.966338218161527e+23
1.485541090555698e+23
3.388588514055450e+23
3.722675999624085e+23
3.709292441684998e+23
2.241611192340554e+23
2.648013358180940e+23
2.979661763023029e+23
2.969821361182944e+23
1.499286401630984e+23
3.126459385837727e+21
2.959801867361443e+23
3.008832482457110e+23
5.948492216780576e+23
5.969887958805093e+23
5.305404075023097e+23
2.262951859989501e+23
5.205968203407647e+23
5.223212987883813e+23
4.561593251224230e+23
2.937253259010939e+23
5.926958885190297e+23
2.944104611575105e+23
5.289824107185712e+23
5.926958885190297e+23
5.188674255203272e+23
2.210907545955481e+23
4.549046284107381e+23
5.188674255203272e+23
2.970497003310180e+23
2.959801867361443e+23
5.305404075023097e+23
5.948492216780576e+23
5.969887958805093e+23
3.008832482457110e+23
4.561593251224230e+23
5.205968203407647e+23
5.223212987883813e+23
2.262951859989501e+23
1.485541090555698e+23
2.241611192340554e+23
3.709292441684998e+23
3.722675999624085e+23
3.388588514055450e+23
1.499286401630984e+23
2.969821361182944e+23
2.979661763023029e+23
2.648013358180940e+23
1.472398188168676e+23
3.695920768228718e+23
3.711755258314023e+23
5.931933049392273e+23
5.838186844854389e+23
5.392059017916776e+23
3.342188813463190e+23
5.563549483876633e+23
5.468336584384511e+23
5.023217885598886e+23
2.201317162675042e+23
4.414007891662180e+23
2.187185092118512e+23
5.432961889751187e+23
4.414007891662180e+23
4.047127450780574e+23
1.822102451371863e+23
5.065197567306995e+23
4.047127450780574e+23
3.378868154755228e+23
3.695920768228718e+23
5.392059017916776e+23
5.931933049392273e+23
5.838186844854389e+23
3.711755258314023e+23
5.023217885598886e+23
5.563549483876633e+23
5.468336584384511e+23
3.342188813463190e+23
2.960027688475187e+23
3.334644497095384e+23
4.817875359393584e+23
4.721301803242701e+23
4.439553862399821e+23
2.966338218161527e+23
4.450570177395664e+23
4.352751994382801e+23
4.071858683136953e+23
1.469726334287512e+23
3.302845063269652e+23
2.600698603941980e+23
4.455094600853516e+23
5.868465891311560e+23
3.994939162043766e+23
2.417105401057487e+23
4.271925183450984e+23
5.684770528214853e+23
3.811606196352326e+23
1.818710241567003e+23
2.942170244937392e+23
1.090852769230674e+23
4.039514158116068e+23
2.942170244937392e+23
2.759528572289226e+23
9.088488443152578e+22
3.856555736775482e+23
2.759528572289226e+23
4.482534997031842e+23
3.302845063269652e+23
3.994939162043766e+23
4.455094600853516e+23
5.868465891311560e+23
2.600698603941980e+23
3.811606196352326e+23
4.271925183450984e+23
5.684770528214853e+23
2.417105401057487e+23
2.936810635630696e+23
2.414435214038393e+23
3.900034676035869e+23
5.312392450485622e+23
3.520781622235068e+23
2.231288216479577e+23
3.717246224274656e+23
5.129158328620365e+23
3.337854243453490e+23
1.454195057506992e+23
2.388126621415333e+23
2.049081942176407e+23
2.980828000836458e+23
4.392510653006863e+23
2.723205184509739e+23
1.957706880168336e+23
2.889604080806812e+23
4.301098069854474e+23
2.631922160166467e+23
9.076502601063101e+22
1.469642229986004e+23
5.444589805111729e+22
2.768939306746272e+23
1.469642229986004e+23
1.378604323367693e+23
4.536468207808010e+22
2.677790303047937e+23
1.378604323367693e+23
3.566078477719018e+23
2.388126621415333e+23
2.723205184509739e+23
2.980828000836458e+23
4.392510653006863e+23
2.049081942176407e+23
2.631922160166467e+23
2.889604080806812e+23
4.301098069854474e+23
1.957706880168336e+23
2.205784145978134e+23
1.956762104319770e+23
2.703992844471182e+23
4.115311956917683e+23
2.486864929226495e+23
1.865544953250555e+23
2.612903531375632e+23
4.024062797217521e+23
2.395725398330289e+23
7.258468379289773e+22
1.193165296010856e+23
1.023780104265292e+23
1.489764055093633e+23
2.951402915927350e+23
1.360906458993479e+23
9.782418521493426e+22
1.444279551556085e+23
2.905851274384744e+23
1.315400945811840e+23
4.532232473290085e+22
7.343110626824320e+22
2.718877796645826e+22
1.383869902200596e+23
7.343110626824320e+22
6.888921579843163e+22
2.265487545304033e+22
1.338412020764034e+23
6.888921579843163e+22
2.532857321056498e+23
1.193165296010856e+23
1.360906458993479e+23
1.489764055093633e+23
2.951402915927350e+23
1.023780104265292e+23
1.315400945811840e+23
1.444279551556085e+23
2.905851274384744e+23
9.782418521493426e+22
1.102233187600560e+23
9.779076838910787e+22
1.351591934362467e+23
2.813101447873059e+23
1.242998274340215e+23
9.324252976642024e+22
1.306154998688482e+23
2.767607670027830e+23
1.197543516080863e+23
3.624819424405357e+22
5.962652721892191e+22
5.116208877679573e+22
7.446525013119735e+22
1.475421588178239e+23
6.802075057723008e+22
4.889045801935730e+22
7.219552746126762e+22
1.452700518952702e+23
6.575028228856584e+22
2.263990469695839e+22
3.669752245154570e+22
1.358231573892784e+22
6.917238618207385e+22
3.669752245154570e+22
3.443011484417566e+22
1.131773392575784e+22
1.948586827338654e+22
7.925721212704012e+21
4.041745016495044e+22
1.948586827338654e+22
1.835264965927954e+22
6.793755435855538e+21
3.928362783218977e+22
1.835264965927954e+22
6.690360811109290e+22
3.443011484417566e+22
1.266053490421229e+23
5.962652721892191e+22
6.802075057723008e+22
7.446525013119735e+22
1.475421588178239e+23
5.116208877679573e+22
6.575028228856584e+22
7.219552746126762e+22
1.452700518952702e+23
4.889045801935730e+22
5.508837758202558e+22
4.887863997706169e+22
6.756531507405650e+22
1.406376308750117e+23
6.213460028837860e+22
4.660898523242767e+22
6.529727358050185e+22
1.383675718145810e+23
5.986592698163785e+22
1.810850639332610e+22
2.980204577132027e+22
2.557152415905719e+22
3.722451675908234e+22
7.376118601917699e+22
3.400169763194557e+22
2.443757717368439e+22
3.609124633852682e+22
7.262706999356251e+22
3.286816289478719e+22
1.131244218419872e+22
1.834904015306786e+22
6.791340568262850e+21
3.458646011342777e+22
1.834904015306786e+22
1.721618280347362e+22
5.659616637595064e+21
3.345305612316957e+22
1.721618280347362e+22
6.328949203275212e+22
2.980204577132027e+22
3.400169763194557e+22
3.722451675908234e+22
7.376118601917699e+22
2.557152415905719e+22
3.286816289478719e+22
3.609124633852682e+22
7.262706999356251e+22
2.443757717368439e+22
2.753596080593820e+22
2.443339802609745e+22
3.377761303235112e+22
7.031265351926201e+22
3.106189543946316e+22
2.330014987295817e+22
3.264493684177511e+22
6.917926203164882e+22
2.992899544936351e+22
9.048745512697568e+21
1.490287375325607e+22
5.657456766684130e+21
3.164684260880400e+22
1.490287375325607e+22
1.377042076003941e+22
4.526003404470067e+21
3.051390779097657e+22
1.377042076003941e+22
6.102224920422129e+22
2.753596080593820e+22
3.106189543946316e+22
3.377761303235112e+22
7.031265351926201e+22
2.443339802609745e+22
2.992899544936351e+22
3.264493684177511e+22
6.917926203164882e+22
2.330014987295817e+22
1.220639068060202e+23
5.508837758202558e+22
6.213460028837860e+22
6.756531507405650e+22
1.406376308750117e+23
4.887863997706169e+22
5.986592698163785e+22
6.529727358050185e+22
1.383675718145810e+23
4.660898523242767e+22
2.441831378835281e+23
1.102233187600560e+23
1.242998274340215e+23
1.351591934362467e+23
2.813101447873059e+23
9.779076838910787e+22
1.197543516080863e+23
1.306154998688482e+23
2.767607670027830e+23
9.324252976642024e+22
3.383468673471699e+23
2.205784145978134e+23
2.486864929226495e+23
2.703992844471182e+23
4.115311956917683e+23
1.956762104319770e+23
2.395725398330289e+23
2.612903531375632e+23
4.024062797217521e+23
1.865544953250555e+23
4.115758812206142e+23
2.936810635630696e+23
3.520781622235068e+23
3.900034676035869e+23
5.312392450485622e+23
2.414435214038393e+23
3.337854243453490e+23
3.717246224274656e+23
5.129158328620365e+23
2.231288216479577e+23
2.640893116678637e+23
2.960027688475187e+23
4.439553862399821e+23
4.817875359393584e+23
4.721301803242701e+23
3.334644497095384e+23
4.071858683136953e+23
4.450570177395664e+23
4.352751994382801e+23
2.966338218161527e+23
1.491781737070961e+23
1.485541090555698e+23
3.388588514055450e+23
3.709292441684998e+23
3.722675999624085e+23
2.241611192340554e+23
2.648013358180940e+23
2.969821361182944e+23
2.979661763023029e+23
1.499286401630984e+23
3.126459385837727e+21
2.937253259010939e+23
2.944104611575105e+23
5.926958885190297e+23
5.926958885190297e+23
5.289824107185712e+23
2.210907545955481e+23
5.188674255203272e+23
5.188674255203272e+23
4.549046284107381e+23
2.959801867361443e+23
5.948492216780576e+23
3.008832482457110e+23
5.305404075023097e+23
5.969887958805093e+23
5.205968203407647e+23
2.262951859989501e+23
4.561593251224230e+23
5.223212987883813e+23
2.959801867361443e+23
5.948492216780576e+23
5.305404075023097e+23
3.008832482457110e+23
5.969887958805093e+23
5.205968203407647e+23
4.561593251224230e+23
2.262951859989501e+23
5.223212987883813e+23
2.970497003310180e+23
1.472398188168676e+23
2.201317162675042e+23
2.187185092118512e+23
4.414007891662180e+23
4.414007891662180e+23
5.432961889751187e+23
1.822102451371863e+23
4.047127450780574e+23
4.047127450780574e+23
5.065197567306995e+23
3.695920768228718e+23
5.931933049392273e+23
3.711755258314023e+23
5.392059017916776e+23
5.838186844854389e+23
5.563549483876633e+23
3.342188813463190e+23
5.023217885598886e+23
5.468336584384511e+23
3.695920768228718e+23
5.931933049392273e+23
5.392059017916776e+23
3.711755258314023e+23
5.838186844854389e+23
5.563549483876633e+23
5.023217885598886e+23
3.342188813463190e+23
5.468336584384511e+23
3.378868154755228e+23
1.469726334287512e+23
1.818710241567003e+23
1.090852769230674e+23
2.942170244937392e+23
2.942170244937392e+23
4.039514158116068e+23
9.088488443152578e+22
2.759528572289226e+23
2.759528572289226e+23
3.856555736775482e+23
3.302845063269652e+23
4.455094600853516e+23
2.600698603941980e+23
3.994939162043766e+23
5.868465891311560e+23
4.271925183450984e+23
2.417105401057487e+23
3.811606196352326e+23
5.684770528214853e+23
3.302845063269652e+23
4.455094600853516e+23
3.994939162043766e+23
2.600698603941980e+23
5.868465891311560e+23
4.271925183450984e+23
3.811606196352326e+23
2.417105401057487e+23
5.684770528214853e+23
4.482534997031842e+23
1.454195057506992e+23
9.076502601063101e+22
5.444589805111729e+22
1.469642229986004e+23
1.469642229986004e+23
2.768939306746272e+23
4.536468207808010e+22
1.378604323367693e+23
1.378604323367693e+23
2.677790303047937e+23
2.388126621415333e+23
2.980828000836458e+23
2.049081942176407e+23
2.723205184509739e+23
4.392510653006863e+23
2.889604080806812e+23
1.957706880168336e+23
2.631922160166467e+23
4.301098069854474e+23
2.388126621415333e+23
2.980828000836458e+23
2.723205184509739e+23
2.049081942176407e+23
4.392510653006863e+23
2.889604080806812e+23
2.631922160166467e+23
1.957706880168336e+23
4.301098069854474e+23
3.566078477719018e+23
7.258468379289773e+22
4.532232473290085e+22
2.718877796645826e+22
7.343110626824320e+22
7.343110626824320e+22
1.383869902200596e+23
2.265487545304033e+22
6.888921579843163e+22
6.888921579843163e+22
1.338412020764034e+23
1.193165296010856e+23
1.489764055093633e+23
1.023780104265292e+23
1.360906458993479e+23
2.951402915927350e+23
1.444279551556085e+23
9.782418521493426e+22
1.315400945811840e+23
2.905851274384744e+23
1.193165296010856e+23
1.489764055093633e+23
1.360906458993479e+23
1.023780104265292e+23
2.951402915927350e+23
1.444279551556085e+23
1.315400945811840e+23
9.782418521493426e+22
2.905851274384744e+23
2.532857321056498e+23
3.624819424405357e+22
2.263990469695839e+22
1.358231573892784e+22
3.669752245154570e+22
3.669752245154570e+22
6.917238618207385e+22
1.131773392575784e+22
7.925721212704012e+21
1.948586827338654e+22
1.948586827338654e+22
4.041745016495044e+22
6.793755435855538e+21
1.835264965927954e+22
1.835264965927954e+22
3.928362783218977e+22
3.443011484417566e+22
3.443011484417566e+22
6.690360811109290e+22
5.962652721892191e+22
7.446525013119735e+22
5.116208877679573e+22
6.802075057723008e+22
1.475421588178239e+23
7.219552746126762e+22
4.889045801935730e+22
6.575028228856584e+22
1.452700518952702e+23
5.962652721892191e+22
7.446525013119735e+22
6.802075057723008e+22
5.116208877679573e+22
1.475421588178239e+23
7.219552746126762e+22
6.575028228856584e+22
4.889045801935730e+22
1.452700518952702e+23
1.266053490421229e+23
1.810850639332610e+22
1.131244218419872e+22
6.791340568262850e+21
1.834904015306786e+22
1.834904015306786e+22
3.458646011342777e+22
5.659616637595064e+21
1.721618280347362e+22
1.721618280347362e+22
3.345305612316957e+22
2.980204577132027e+22
3.722451675908234e+22
2.557152415905719e+22
3.400169763194557e+22
7.376118601917699e+22
3.609124633852682e+22
2.443757717368439e+22
3.286816289478719e+22
7.262706999356251e+22
2.980204577132027e+22
3.722451675908234e+22
3.400169763194557e+22
2.557152415905719e+22
7.376118601917699e+22
3.609124633852682e+22
3.286816289478719e+22
2.443757717368439e+22
7.262706999356251e+22
6.328949203275212e+22
9.048745512697568e+21
5.657456766684130e+21
1.490287375325607e+22
1.490287375325607e+22
3.164684260880400e+22
4.526003404470067e+21
1.377042076003941e+22
1.377042076003941e+22
3.051390779097657e+22
2.753596080593820e+22
3.377761303235112e+22
2.443339802609745e+22
3.106189543946316e+22
7.031265351926201e+22
3.264493684177511e+22
2.330014987295817e+22
2.992899544936351e+22
6.917926203164882e+22
2.753596080593820e+22
3.377761303235112e+22
3.106189543946316e+22
2.443339802609745e+22
7.031265351926201e+22
3.264493684177511e+22
2.992899544936351e+22
2.330014987295817e+22
6.917926203164882e+22
6.102224920422129e+22
5.508837758202558e+22
6.756531507405650e+22
4.887863997706169e+22
6.213460028837860e+22
1.406376308750117e+23
6.529727358050185e+22
4.660898523242767e+22
5.986592698163785e+22
1.383675718145810e+23
5.508837758202558e+22
6.756531507405650e+22
6.213460028837860e+22
4.887863997706169e+22
1.406376308750117e+23
6.529727358050185e+22
5.986592698163785e+22
4.660898523242767e+22
1.383675718145810e+23
1.220639068060202e+23
1.102233187600560e+23
1.351591934362467e+23
9.779076838910787e+22
1.242998274340215e+23
2.813101447873059e+23
1.306154998688482e+23
9.324252976642024e+22
1.197543516080863e+23
2.767607670027830e+23
1.102233187600560e+23
1.351591934362467e+23
1.242998274340215e+23
9.779076838910787e+22
2.813101447873059e+23
1.306154998688482e+23
1.197543516080863e+23
9.324252976642024e+22
2.767607670027830e+23
2.441831378835281e+23
2.205784145978134e+23
2.703992844471182e+23
1.956762104319770e+23
2.486864929226495e+23
4.115311956917683e+23
2.612903531375632e+23
1.865544953250555e+23
2.395725398330289e+23
4.024062797217521e+23
2.205784145978134e+23
2.703992844471182e+23
2.486864929226495e+23
1.956762104319770e+23
4.115311956917683e+23
2.612903531375632e+23
2.395725398330289e+23
1.865544953250555e+23
4.024062797217521e+23
3.383468673471699e+23
2.936810635630696e+23
3.900034676035869e+23
2.414435214038393e+23
3.520781622235068e+23
5.312392450485622e+23
3.717246224274656e+23
2.231288216479577e+23
3.337854243453490e+23
5.129158328620365e+23
2.936810635630696e+23
3.900034676035869e+23
3.520781622235068e+23
2.414435214038393e+23
5.312392450485622e+23
3.717246224274656e+23
3.337854243453490e+23
2.231288216479577e+23
5.129158328620365e+23
4.115758812206142e+23
2.960027688475187e+23
4.817875359393584e+23
3.334644497095384e+23
4.439553862399821e+23
4.721301803242701e+23
4.450570177395664e+23
2.966338218161527e+23
4.071858683136953e+23
4.352751994382801e+23
2.960027688475187e+23
4.817875359393584e+23
4.439553862399821e+23
3.334644497095384e+23
4.721301803242701e+23
4.450570177395664e+23
4.071858683136953e+23
2.966338218161527e+23
4.352751994382801e+23
2.640893116678637e+23
1.485541090555698e+23
3.709292441684998e+23
2.241611192340554e+23
3.388588514055450e+23
3.722675999624085e+23
2.969821361182944e+23
1.499286401630984e+23
2.648013358180940e+23
2.979661763023029e+23
1.485541090555698e+23
3.709292441684998e+23
3.388588514055450e+23
2.241611192340554e+23
3.722675999624085e+23
2.969821361182944e+23
2.648013358180940e+23
1.499286401630984e+23
2.979661763023029e+23
1.491781737070961e+23
0.000000000000000e+00
1.464783228027152e+23
1.462191836997329e+23
2.961607466954163e+23
1.481850032179225e+23
2.632149861935539e+23
2.954946876861639e+23
2.223128338581639e+23
7.439067295863100e+22
1.895577119340327e+23
2.219231622633433e+23
1.462191836997329e+23
2.961607466954163e+23
2.632149861935539e+23
1.481850032179225e+23
2.954946876861639e+23
2.223128338581639e+23
1.895577119340327e+23
7.439067295863100e+22
2.219231622633433e+23
1.456741261343306e+23
2.627342555800749e+23
2.948347291492053e+23
4.346373385644177e+23
2.960177167070505e+23
4.066244849491805e+23
4.445304971284575e+23
3.979431121029959e+23
2.593422751037971e+23
3.699964765167997e+23
4.079326328978642e+23
2.948347291492053e+23
4.346373385644177e+23
4.066244849491805e+23
2.960177167070505e+23
4.445304971284575e+23
3.979431121029959e+23
3.699964765167997e+23
2.593422751037971e+23
4.079326328978642e+23
1.461897894394048e+23
4.110963616349763e+23
2.932681606641145e+23
5.126900078215796e+23
2.229107738911345e+23
3.335870456558619e+23
3.715386570282253e+23
4.944235277844219e+23
2.046510038811564e+23
3.153443347100010e+23
3.533066743461701e+23
2.932681606641145e+23
5.126900078215796e+23
3.335870456558619e+23
2.229107738911345e+23
3.715386570282253e+23
4.944235277844219e+23
3.153443347100010e+23
2.046510038811564e+23
3.533066743461701e+23
1.451425332537760e+23
3.381767283007034e+23
2.204323186548005e+23
4.023262649137320e+23
1.864773466175660e+23
2.395023339566527e+23
2.612246418727121e+23
3.932215004826013e+23
1.773750667840599e+23
2.304060661200287e+23
2.521322687516173e+23
2.204323186548005e+23
4.023262649137320e+23
2.395023339566527e+23
1.864773466175660e+23
2.612246418727121e+23
3.932215004826013e+23
2.304060661200287e+23
1.773750667840599e+23
2.521322687516173e+23
7.248682079191239e+22
2.441230548982082e+23
1.101716639630047e+23
2.767324606082617e+23
9.321524316154868e+22
1.197295360020556e+23
1.305922791244199e+23
2.721902129967449e+23
8.867387941994763e+22
1.151903122241069e+23
1.260544370760643e+23
1.101716639630047e+23
2.767324606082617e+23
1.197295360020556e+23
9.321524316154868e+22
1.305922791244199e+23
2.721902129967449e+23
1.151903122241069e+23
8.867387941994763e+22
1.260544370760643e+23
3.621361002680120e+22
1.220426897784325e+23
5.507011441296414e+22
1.383575601153359e+23
4.659933539589766e+22
5.985715484923329e+22
6.528906675772364e+22
1.360900232954025e+23
4.433211212294632e+22
5.759069179018316e+22
6.302309339387973e+22
5.507011441296414e+22
1.383575601153359e+23
5.985715484923329e+22
4.659933539589766e+22
6.528906675772364e+22
1.360900232954025e+23
5.759069179018316e+22
4.433211212294632e+22
6.302309339387973e+22
1.809628295358278e+22
6.101475425360687e+22
2.752950370458437e+22
6.917572140016316e+22
2.329673750631123e+22
2.992589441477033e+22
3.264203603388538e+22
6.804322198838345e+22
2.216434921068995e+22
2.879377581420947e+22
3.151009085976253e+22
2.752950370458437e+22
6.917572140016316e+22
2.992589441477033e+22
2.329673750631123e+22
3.264203603388538e+22
6.804322198838345e+22
2.879377581420947e+22
2.216434921068995e+22
3.151009085976253e+22
9.044424861795729e+21
3.051066522750299e+22
1.376762472210327e+22
1.376762472210327e+22
4.524132948784600e+21
2.937827162464137e+22
1.263563922308380e+22
1.263563922308380e+22
3.392992472404569e+21
5.874939444446303e+22
2.526504539280776e+22
6.573063749890660e+22
2.216193627873743e+22
2.698911294651672e+22
2.919795902667486e+22
6.459943369615161e+22
2.103079708463784e+22
2.585812878422345e+22
2.806707536004397e+22
2.526504539280776e+22
6.573063749890660e+22
2.698911294651672e+22
2.216193627873743e+22
2.919795902667486e+22
6.459943369615161e+22
2.585812878422345e+22
2.103079708463784e+22
2.806707536004397e+22
6.781817014480096e+21
2.757315377398249e+22
1.032327564566889e+22
1.032327564566889e+22
3.391465289699359e+21
2.644142736903001e+22
9.191865465880499e+21
9.191865465880499e+21
2.260709711035909e+21
1.175065712699900e+23
5.053656484515541e+22
1.314627815514734e+23
4.432528854846810e+22
5.397954804886144e+22
5.839712876505409e+22
1.291989078539218e+23
4.206159771007529e+22
5.171629333217360e+22
5.613415825564981e+22
5.053656484515541e+22
1.314627815514734e+23
5.397954804886144e+22
4.432528854846810e+22
5.839712876505409e+22
1.291989078539218e+23
5.171629333217360e+22
4.206159771007529e+22
5.613415825564981e+22
1.356796497390876e+22
5.513915129879096e+22
2.064031814951837e+22
2.064031814951837e+22
6.778761740454345e+21
2.174657174795449e+22
9.190251021627118e+21
9.190251021627118e+21
2.259629846566501e+21
2.061581296698557e+22
8.059676322047491e+21
8.059676322047491e+21
1.129433240201130e+21
5.287653232146594e+22
1.837822330993625e+22
1.837822330993625e+22
4.517735076441336e+21
2.350355092085886e+23
1.010914607182121e+23
2.629298699629277e+23
8.865458436870319e+22
1.079628803037171e+23
1.167976935436859e+23
2.583979775227698e+23
8.412320958390985e+22
1.034327297195000e+23
1.122683466518626e+23
1.010914607182121e+23
2.629298699629277e+23
1.079628803037171e+23
8.865458436870319e+22
1.167976935436859e+23
2.583979775227698e+23
1.034327297195000e+23
8.412320958390985e+22
1.122683466518626e+23
2.714819459282798e+22
1.102816739120588e+23
4.128332744951086e+22
4.128332744951086e+22
1.355932123271157e+22
1.057533113160087e+23
3.675646268907596e+22
3.675646268907596e+22
9.035476197560078e+21
3.199582733211980e+23
2.022348478133793e+23
3.746842570673880e+23
1.773205119847687e+23
2.159366422997228e+23
2.336051520055143e+23
3.656087583863008e+23
1.682464758273407e+23
2.068660316615823e+23
2.245368138524998e+23
2.022348478133793e+23
3.746842570673880e+23
2.159366422997228e+23
1.773205119847687e+23
2.336051520055143e+23
3.656087583863008e+23
2.068660316615823e+23
1.682464758273407e+23
2.245368138524998e+23
5.433113838771596e+22
2.205732033779792e+23
8.257428590996747e+22
8.257428590996747e+22
2.712373792133653e+22
2.115076092581856e+23
7.351298965422535e+22
7.351298965422535e+22
1.807097657379300e+22
3.745388635398390e+23
2.567686758394049e+23
4.573025643104065e+23
2.044968210142812e+23
2.863645269070971e+23
3.162138639105000e+23
4.391187663098873e+23
1.863168973133608e+23
2.681943617387167e+23
2.980498895725860e+23
2.567686758394049e+23
4.573025643104065e+23
2.863645269070971e+23
2.044968210142812e+23
3.162138639105000e+23
4.391187663098873e+23
2.681943617387167e+23
1.863168973133608e+23
2.980498895725860e+23
1.087608006325735e+23
2.909982247266844e+23
1.651702327536001e+23
1.651702327536001e+23
5.426193058984094e+22
2.728419155113316e+23
1.470262364068187e+23
1.470262364068187e+23
3.614204986198311e+22
1.892758266902500e+23
2.215391812291534e+23
3.235694449993882e+23
2.589066353376185e+23
3.119203104489329e+23
3.336376292682995e+23
2.871086935073527e+23
2.224568696275188e+23
2.754973910047022e+23
2.972322249184268e+23
2.215391812291534e+23
3.235694449993882e+23
3.119203104489329e+23
2.589066353376185e+23
3.336376292682995e+23
2.871086935073527e+23
2.754973910047022e+23
2.224568696275188e+23
2.972322249184268e+23
7.322822678418536e+22
3.165206525684137e+23
1.825541280631536e+23
1.825541280631536e+23
1.085649160738260e+23
2.801391544559144e+23
1.462058787451052e+23
1.462058787451052e+23
7.228448657919946e+22
0.000000000000000e+00
0.000000000000000e+00
7.318913418389167e+22
7.315672237668066e+22
7.307763719387524e+22
7.302678271381118e+22
0.000000000000000e+00
0.000000000000000e+00
0.000000000000000e+00
0.000000000000000e+00
0.000000000000000e+00
7.318913418389167e+22
7.307763719387524e+22
7.315672237668066e+22
7.302678271381118e+22
0.000000000000000e+00
0.000000000000000e+00
0.000000000000000e+00
0.000000000000000e+00
0.000000000000000e+00
7.295974774566056e+22
7.286785955131914e+22
7.286785955131914e+22
7.267487871861510e+22
0.000000000000000e+00
0.000000000000000e+00
0.000000000000000e+00
0.000000000000000e+00
0.000000000000000e+00
1.462191836997329e+23
1.481850032179225e+23
2.961607466954163e+23
2.954946876861639e+23
2.632149861935539e+23
7.439067295863100e+22
2.223128338581639e+23
2.219231622633433e+23
1.895577119340327e+23
1.464783228027152e+23
1.456741261343306e+23
2.948347291492053e+23
2.960177167070505e+23
4.346373385644177e+23
4.445304971284575e+23
4.066244849491805e+23
2.593422751037971e+23
3.979431121029959e+23
4.079326328978642e+23
3.699964765167997e+23
2.627342555800749e+23
1.461897894394048e+23
2.932681606641145e+23
2.229107738911345e+23
5.126900078215796e+23
3.715386570282253e+23
3.335870456558619e+23
2.046510038811564e+23
4.944235277844219e+23
3.533066743461701e+23
3.153443347100010e+23
4.110963616349763e+23
1.451425332537760e+23
2.204323186548005e+23
1.864773466175660e+23
4.023262649137320e+23
2.612246418727121e+23
2.395023339566527e+23
1.773750667840599e+23
3.932215004826013e+23
2.521322687516173e+23
2.304060661200287e+23
3.381767283007034e+23
7.248682079191239e+22
1.101716639630047e+23
9.321524316154868e+22
2.767324606082617e+23
1.305922791244199e+23
1.197295360020556e+23
8.867387941994763e+22
2.721902129967449e+23
1.260544370760643e+23
1.151903122241069e+23
2.441230548982082e+23
3.621361002680120e+22
5.507011441296414e+22
4.659933539589766e+22
1.383575601153359e+23
6.528906675772364e+22
5.985715484923329e+22
4.433211212294632e+22
1.360900232954025e+23
6.302309339387973e+22
5.759069179018316e+22
1.220426897784325e+23
1.809628295358278e+22
2.752950370458437e+22
2.329673750631123e+22
6.917572140016316e+22
3.264203603388538e+22
2.992589441477033e+22
2.216434921068995e+22
6.804322198838345e+22
3.151009085976253e+22
2.879377581420947e+22
6.101475425360687e+22
9.044424861795729e+21
1.376762472210327e+22
3.051066522750299e+22
4.524132948784600e+21
1.376762472210327e+22
1.263563922308380e+22
2.937827162464137e+22
3.392992472404569e+21
1.263563922308380e+22
2.752950370458437e+22
2.992589441477033e+22
6.917572140016316e+22
3.264203603388538e+22
2.329673750631123e+22
2.879377581420947e+22
6.804322198838345e+22
3.151009085976253e+22
2.216434921068995e+22
2.526504539280776e+22
2.216193627873743e+22
6.573063749890660e+22
2.919795902667486e+22
2.698911294651672e+22
2.103079708463784e+22
6.459943369615161e+22
2.806707536004397e+22
2.585812878422345e+22
5.874939444446303e+22
6.781817014480096e+21
1.032327564566889e+22
2.757315377398249e+22
3.391465289699359e+21
1.032327564566889e+22
9.191865465880499e+21
2.644142736903001e+22
2.260709711035909e+21
9.191865465880499e+21
2.526504539280776e+22
2.698911294651672e+22
6.573063749890660e+22
2.919795902667486e+22
2.216193627873743e+22
2.585812878422345e+22
6.459943369615161e+22
2.806707536004397e+22
2.103079708463784e+22
5.507011441296414e+22
5.985715484923329e+22
1.383575601153359e+23
6.528906675772364e+22
4.659933539589766e+22
5.759069179018316e+22
1.360900232954025e+23
6.302309339387973e+22
4.433211212294632e+22
5.053656484515541e+22
4.432528854846810e+22
1.314627815514734e+23
5.839712876505409e+22
5.397954804886144e+22
4.206159771007529e+22
1.291989078539218e+23
5.613415825564981e+22
5.171629333217360e+22
1.175065712699900e+23
1.356796497390876e+22
2.064031814951837e+22
5.513915129879096e+22
6.778761740454345e+21
9.190251021627118e+21
2.174657174795449e+22
2.259629846566501e+21
9.190251021627118e+21
8.059676322047491e+21
2.061581296698557e+22
1.129433240201130e+21
8.059676322047491e+21
2.064031814951837e+22
1.837822330993625e+22
5.287653232146594e+22
4.517735076441336e+21
1.837822330993625e+22
5.053656484515541e+22
5.397954804886144e+22
1.314627815514734e+23
5.839712876505409e+22
4.432528854846810e+22
5.171629333217360e+22
1.291989078539218e+23
5.613415825564981e+22
4.206159771007529e+22
1.101716639630047e+23
1.197295360020556e+23
2.767324606082617e+23
1.305922791244199e+23
9.321524316154868e+22
1.151903122241069e+23
2.721902129967449e+23
1.260544370760643e+23
8.867387941994763e+22
1.010914607182121e+23
8.865458436870319e+22
2.629298699629277e+23
1.167976935436859e+23
1.079628803037171e+23
8.412320958390985e+22
2.583979775227698e+23
1.122683466518626e+23
1.034327297195000e+23
2.350355092085886e+23
2.714819459282798e+22
4.128332744951086e+22
1.102816739120588e+23
1.355932123271157e+22
4.128332744951086e+22
3.675646268907596e+22
1.057533113160087e+23
9.035476197560078e+21
3.675646268907596e+22
1.010914607182121e+23
1.079628803037171e+23
2.629298699629277e+23
1.167976935436859e+23
8.865458436870319e+22
1.034327297195000e+23
2.583979775227698e+23
1.122683466518626e+23
8.412320958390985e+22
2.204323186548005e+23
2.395023339566527e+23
4.023262649137320e+23
2.612246418727121e+23
1.864773466175660e+23
2.304060661200287e+23
3.932215004826013e+23
2.521322687516173e+23
1.773750667840599e+23
2.022348478133793e+23
1.773205119847687e+23
3.746842570673880e+23
2.336051520055143e+23
2.159366422997228e+23
1.682464758273407e+23
3.656087583863008e+23
2.245368138524998e+23
2.068660316615823e+23
3.199582733211980e+23
5.433113838771596e+22
8.257428590996747e+22
2.205732033779792e+23
2.712373792133653e+22
8.257428590996747e+22
7.351298965422535e+22
2.115076092581856e+23
1.807097657379300e+22
7.351298965422535e+22
2.022348478133793e+23
2.159366422997228e+23
3.746842570673880e+23
2.336051520055143e+23
1.773205119847687e+23
2.068660316615823e+23
3.656087583863008e+23
2.245368138524998e+23
1.682464758273407e+23
2.932681606641145e+23
3.335870456558619e+23
5.126900078215796e+23
3.715386570282253e+23
2.229107738911345e+23
3.153443347100010e+23
4.944235277844219e+23
3.533066743461701e+23
2.046510038811564e+23
2.567686758394049e+23
2.044968210142812e+23
4.573025643104065e+23
3.162138639105000e+23
2.863645269070971e+23
1.863168973133608e+23
4.391187663098873e+23
2.980498895725860e+23
2.681943617387167e+23
3.745388635398390e+23
1.087608006325735e+23
1.651702327536001e+23
2.909982247266844e+23
5.426193058984094e+22
1.651702327536001e+23
1.470262364068187e+23
2.728419155113316e+23
3.614204986198311e+22
1.470262364068187e+23
2.567686758394049e+23
2.863645269070971e+23
4.573025643104065e+23
3.162138639105000e+23
2.044968210142812e+23
2.681943617387167e+23
4.391187663098873e+23
2.980498895725860e+23
1.863168973133608e+23
2.948347291492053e+23
4.066244849491805e+23
4.346373385644177e+23
4.445304971284575e+23
2.960177167070505e+23
3.699964765167997e+23
3.979431121029959e+23
4.079326328978642e+23
2.593422751037971e+23
2.215391812291534e+23
2.589066353376185e+23
3.235694449993882e+23
3.336376292682995e+23
3.119203104489329e+23
2.224568696275188e+23
2.871086935073527e+23
2.972322249184268e+23
2.754973910047022e+23
1.892758266902500e+23
7.322822678418536e+22
1.825541280631536e+23
3.165206525684137e+23
1.085649160738260e+23
1.825541280631536e+23
1.462058787451052e+23
2.801391544559144e+23
7.228448657919946e+22
1.462058787451052e+23
2.215391812291534e+23
3.119203104489329e+23
3.235694449993882e+23
3.336376292682995e+23
2.589066353376185e+23
2.754973910047022e+23
2.871086935073527e+23
2.972322249184268e+23
2.224568696275188e+23
1.462191836997329e+23
2.632149861935539e+23
2.961607466954163e+23
2.954946876861639e+23
1.481850032179225e+23
1.895577119340327e+23
2.223128338581639e+23
2.219231622633433e+23
7.439067295863100e+22
0.000000000000000e+00
7.315672237668066e+22
7.318913418389167e+22
7.302678271381118e+22
7.307763719387524e+22
0.000000000000000e+00
0.000000000000000e+00
0.000000000000000e+00
0.000000000000000e+00
0.000000000000000e+00
0.000000000000000e+00
7.286785955131914e+22
7.295974774566056e+22
7.267487871861510e+22
7.286785955131914e+22
0.000000000000000e+00
0.000000000000000e+00
0.000000000000000e+00
0.000000000000000e+00
0.000000000000000e+00
7.307763719387524e+22
7.318913418389167e+22
7.302678271381118e+22
7.315672237668066e+22
0.000000000000000e+00
0.000000000000000e+00
0.000000000000000e+00
0.000000000000000e+00
0.000000000000000e+00
1.462191836997329e+23
1.481850032179225e+23
2.954946876861639e+23
2.961607466954163e+23
2.632149861935539e+23
7.439067295863100e+22
2.219231622633433e+23
2.223128338581639e+23
1.895577119340327e+23
1.456741261343306e+23
2.948347291492053e+23
2.960177167070505e+23
4.445304971284575e+23
4.346373385644177e+23
4.066244849491805e+23
2.593422751037971e+23
4.079326328978642e+23
3.979431121029959e+23
3.699964765167997e+23
1.461897894394048e+23
2.932681606641145e+23
2.229107738911345e+23
3.715386570282253e+23
5.126900078215796e+23
3.335870456558619e+23
2.046510038811564e+23
3.533066743461701e+23
4.944235277844219e+23
3.153443347100010e+23
1.451425332537760e+23
2.204323186548005e+23
1.864773466175660e+23
2.612246418727121e+23
4.023262649137320e+23
2.395023339566527e+23
1.773750667840599e+23
2.521322687516173e+23
3.932215004826013e+23
2.304060661200287e+23
7.248682079191239e+22
1.101716639630047e+23
9.321524316154868e+22
1.305922791244199e+23
2.767324606082617e+23
1.197295360020556e+23
8.867387941994763e+22
1.260544370760643e+23
2.721902129967449e+23
1.151903122241069e+23
3.621361002680120e+22
5.507011441296414e+22
4.659933539589766e+22
6.528906675772364e+22
1.383575601153359e+23
5.985715484923329e+22
4.433211212294632e+22
6.302309339387973e+22
1.360900232954025e+23
5.759069179018316e+22
1.809628295358278e+22
2.752950370458437e+22
2.329673750631123e+22
3.264203603388538e+22
6.917572140016316e+22
2.992589441477033e+22
2.216434921068995e+22
3.151009085976253e+22
6.804322198838345e+22
2.879377581420947e+22
9.044424861795729e+21
1.376762472210327e+22
4.524132948784600e+21
3.051066522750299e+22
1.376762472210327e+22
1.263563922308380e+22
3.392992472404569e+21
2.937827162464137e+22
1.263563922308380e+22
6.101475425360687e+22
2.752950370458437e+22
2.992589441477033e+22
3.264203603388538e+22
6.917572140016316e+22
2.329673750631123e+22
2.879377581420947e+22
3.151009085976253e+22
6.804322198838345e+22
2.216434921068995e+22
2.526504539280776e+22
2.216193627873743e+22
2.919795902667486e+22
6.573063749890660e+22
2.698911294651672e+22
2.103079708463784e+22
2.806707536004397e+22
6.459943369615161e+22
2.585812878422345e+22
6.781817014480096e+21
1.032327564566889e+22
3.391465289699359e+21
2.757315377398249e+22
1.032327564566889e+22
9.191865465880499e+21
2.260709711035909e+21
2.644142736903001e+22
9.191865465880499e+21
5.874939444446303e+22
2.526504539280776e+22
2.698911294651672e+22
2.919795902667486e+22
6.573063749890660e+22
2.216193627873743e+22
2.585812878422345e+22
2.806707536004397e+22
6.459943369615161e+22
2.103079708463784e+22
1.220426897784325e+23
5.507011441296414e+22
5.985715484923329e+22
6.528906675772364e+22
1.383575601153359e+23
4.659933539589766e+22
5.759069179018316e+22
6.302309339387973e+22
1.360900232954025e+23
4.433211212294632e+22
5.053656484515541e+22
4.432528854846810e+22
5.839712876505409e+22
1.314627815514734e+23
5.397954804886144e+22
4.206159771007529e+22
5.613415825564981e+22
1.291989078539218e+23
5.171629333217360e+22
1.356796497390876e+22
2.064031814951837e+22
6.778761740454345e+21
9.190251021627118e+21
2.259629846566501e+21
2.174657174795449e+22
9.190251021627118e+21
8.059676322047491e+21
1.129433240201130e+21
2.061581296698557e+22
8.059676322047491e+21
5.513915129879096e+22
2.064031814951837e+22
1.837822330993625e+22
4.517735076441336e+21
5.287653232146594e+22
1.837822330993625e+22
1.175065712699900e+23
5.053656484515541e+22
5.397954804886144e+22
5.839712876505409e+22
1.314627815514734e+23
4.432528854846810e+22
5.171629333217360e+22
5.613415825564981e+22
1.291989078539218e+23
4.206159771007529e+22
2.441230548982082e+23
1.101716639630047e+23
1.197295360020556e+23
1.305922791244199e+23
2.767324606082617e+23
9.321524316154868e+22
1.151903122241069e+23
1.260544370760643e+23
2.721902129967449e+23
8.867387941994763e+22
1.010914607182121e+23
8.865458436870319e+22
1.167976935436859e+23
2.629298699629277e+23
1.079628803037171e+23
8.412320958390985e+22
1.122683466518626e+23
2.583979775227698e+23
1.034327297195000e+23
2.714819459282798e+22
4.128332744951086e+22
1.355932123271157e+22
1.102816739120588e+23
4.128332744951086e+22
3.675646268907596e+22
9.035476197560078e+21
1.057533113160087e+23
3.675646268907596e+22
2.350355092085886e+23
1.010914607182121e+23
1.079628803037171e+23
1.167976935436859e+23
2.629298699629277e+23
8.865458436870319e+22
1.034327297195000e+23
1.122683466518626e+23
2.583979775227698e+23
8.412320958390985e+22
3.381767283007034e+23
2.204323186548005e+23
2.395023339566527e+23
2.612246418727121e+23
4.023262649137320e+23
1.864773466175660e+23
2.304060661200287e+23
2.521322687516173e+23
3.932215004826013e+23
1.773750667840599e+23
2.022348478133793e+23
1.773205119847687e+23
2.336051520055143e+23
3.746842570673880e+23
2.159366422997228e+23
1.682464758273407e+23
2.245368138524998e+23
3.656087583863008e+23
2.068660316615823e+23
5.433113838771596e+22
8.257428590996747e+22
2.712373792133653e+22
2.205732033779792e+23
8.257428590996747e+22
7.351298965422535e+22
1.807097657379300e+22
2.115076092581856e+23
7.351298965422535e+22
3.199582733211980e+23
2.022348478133793e+23
2.159366422997228e+23
2.336051520055143e+23
3.746842570673880e+23
1.773205119847687e+23
2.068660316615823e+23
2.245368138524998e+23
3.656087583863008e+23
1.682464758273407e+23
4.110963616349763e+23
2.932681606641145e+23
3.335870456558619e+23
3.715386570282253e+23
5.126900078215796e+23
2.229107738911345e+23
3.153443347100010e+23
3.533066743461701e+23
4.944235277844219e+23
2.046510038811564e+23
2.567686758394049e+23
2.044968210142812e+23
3.162138639105000e+23
4.573025643104065e+23
2.863645269070971e+23
1.863168973133608e+23
2.980498895725860e+23
4.391187663098873e+23
2.681943617387167e+23
1.087608006325735e+23
1.651702327536001e+23
5.426193058984094e+22
2.909982247266844e+23
1.651702327536001e+23
1.470262364068187e+23
3.614204986198311e+22
2.728419155113316e+23
1.470262364068187e+23
3.745388635398390e+23
2.567686758394049e+23
2.863645269070971e+23
3.162138639105000e+23
4.573025643104065e+23
2.044968210142812e+23
2.681943617387167e+23
2.980498895725860e+23
4.391187663098873e+23
1.863168973133608e+23
2.627342555800749e+23
2.948347291492053e+23
4.066244849491805e+23
4.445304971284575e+23
4.346373385644177e+23
2.960177167070505e+23
3.699964765167997e+23
4.079326328978642e+23
3.979431121029959e+23
2.593422751037971e+23
2.215391812291534e+23
2.589066353376185e+23
3.336376292682995e+23
3.235694449993882e+23
3.119203104489329e+23
2.224568696275188e+23
2.972322249184268e+23
2.871086935073527e+23
2.754973910047022e+23
7.322822678418536e+22
1.825541280631536e+23
1.085649160738260e+23
3.165206525684137e+23
1.825541280631536e+23
1.462058787451052e+23
7.228448657919946e+22
2.801391544559144e+23
1.462058787451052e+23
1.892758266902500e+23
2.215391812291534e+23
3.119203104489329e+23
3.336376292682995e+23
3.235694449993882e+23
2.589066353376185e+23
2.754973910047022e+23
2.972322249184268e+23
2.871086935073527e+23
2.224568696275188e+23
1.464783228027152e+23
1.462191836997329e+23
2.632149861935539e+23
2.954946876861639e+23
2.961607466954163e+23
1.481850032179225e+23
1.895577119340327e+23
2.219231622633433e+23
2.223128338581639e+23
7.439067295863100e+22
0.000000000000000e+00
7.315672237668066e+22
7.302678271381118e+22
7.318913418389167e+22
7.307763719387524e+22
0.000000000000000e+00
0.000000000000000e+00
0.000000000000000e+00
0.000000000000000e+00
0.000000000000000e+00
7.286785955131914e+22
7.267487871861510e+22
7.295974774566056e+22
7.286785955131914e+22
0.000000000000000e+00
0.000000000000000e+00
0.000000000000000e+00
0.000000000000000e+00
0.000000000000000e+00
0.000000000000000e+00
7.307763719387524e+22
7.302678271381118e+22
7.318913418389167e+22
7.315672237668066e+22
0.000000000000000e+00
0.000000000000000e+00
0.000000000000000e+00
0.000000000000000e+00
0.000000000000000e+00
1.456741261343306e+23
1.461897894394048e+23
1.451425332537760e+23
7.248682079191239e+22
3.621361002680120e+22
1.809628295358278e+22
9.044424861795729e+21
4.524132948784600e+21
1.376762472210327e+22
1.376762472210327e+22
3.051066522750299e+22
3.392992472404569e+21
1.263563922308380e+22
1.263563922308380e+22
2.937827162464137e+22
2.752950370458437e+22
3.264203603388538e+22
2.329673750631123e+22
2.992589441477033e+22
6.917572140016316e+22
3.151009085976253e+22
2.216434921068995e+22
2.879377581420947e+22
6.804322198838345e+22
2.752950370458437e+22
3.264203603388538e+22
2.992589441477033e+22
2.329673750631123e+22
6.917572140016316e+22
3.151009085976253e+22
2.879377581420947e+22
2.216434921068995e+22
6.804322198838345e+22
6.101475425360687e+22
6.781817014480096e+21
3.391465289699359e+21
1.032327564566889e+22
1.032327564566889e+22
2.757315377398249e+22
2.260709711035909e+21
9.191865465880499e+21
9.191865465880499e+21
2.644142736903001e+22
2.526504539280776e+22
2.919795902667486e+22
2.216193627873743e+22
2.698911294651672e+22
6.573063749890660e+22
2.806707536004397e+22
2.103079708463784e+22
2.585812878422345e+22
6.459943369615161e+22
2.526504539280776e+22
2.919795902667486e+22
2.698911294651672e+22
2.216193627873743e+22
6.573063749890660e+22
2.806707536004397e+22
2.585812878422345e+22
2.103079708463784e+22
6.459943369615161e+22
5.874939444446303e+22
5.507011441296414e+22
6.528906675772364e+22
4.659933539589766e+22
5.985715484923329e+22
1.383575601153359e+23
6.302309339387973e+22
4.433211212294632e+22
5.759069179018316e+22
1.360900232954025e+23
5.507011441296414e+22
6.528906675772364e+22
5.985715484923329e+22
4.659933539589766e+22
1.383575601153359e+23
6.302309339387973e+22
5.759069179018316e+22
4.433211212294632e+22
1.360900232954025e+23
1.220426897784325e+23
1.356796497390876e+22
6.778761740454345e+21
2.259629846566501e+21
9.190251021627118e+21
9.190251021627118e+21
2.174657174795449e+22
1.129433240201130e+21
8.059676322047491e+21
8.059676322047491e+21
2.061581296698557e+22
2.064031814951837e+22
2.064031814951837e+22
5.513915129879096e+22
4.517735076441336e+21
1.837822330993625e+22
1.837822330993625e+22
5.287653232146594e+22
5.053656484515541e+22
5.839712876505409e+22
4.432528854846810e+22
5.397954804886144e+22
1.314627815514734e+23
5.613415825564981e+22
4.206159771007529e+22
5.171629333217360e+22
1.291989078539218e+23
5.053656484515541e+22
5.839712876505409e+22
5.397954804886144e+22
4.432528854846810e+22
1.314627815514734e+23
5.613415825564981e+22
5.171629333217360e+22
4.206159771007529e+22
1.291989078539218e+23
1.175065712699900e+23
1.101716639630047e+23
1.305922791244199e+23
9.321524316154868e+22
1.197295360020556e+23
2.767324606082617e+23
1.260544370760643e+23
8.867387941994763e+22
1.151903122241069e+23
2.721902129967449e+23
1.101716639630047e+23
1.305922791244199e+23
1.197295360020556e+23
9.321524316154868e+22
2.767324606082617e+23
1.260544370760643e+23
1.151903122241069e+23
8.867387941994763e+22
2.721902129967449e+23
2.441230548982082e+23
2.714819459282798e+22
1.355932123271157e+22
4.128332744951086e+22
4.128332744951086e+22
1.102816739120588e+23
9.035476197560078e+21
3.675646268907596e+22
3.675646268907596e+22
1.057533113160087e+23
1.010914607182121e+23
1.167976935436859e+23
8.865458436870319e+22
1.079628803037171e+23
2.629298699629277e+23
1.122683466518626e+23
8.412320958390985e+22
1.034327297195000e+23
2.583979775227698e+23
1.010914607182121e+23
1.167976935436859e+23
1.079628803037171e+23
8.865458436870319e+22
2.629298699629277e+23
1.122683466518626e+23
1.034327297195000e+23
8.412320958390985e+22
2.583979775227698e+23
2.350355092085886e+23
2.204323186548005e+23
2.612246418727121e+23
1.864773466175660e+23
2.395023339566527e+23
4.023262649137320e+23
2.521322687516173e+23
1.773750667840599e+23
2.304060661200287e+23
3.932215004826013e+23
2.204323186548005e+23
2.612246418727121e+23
2.395023339566527e+23
1.864773466175660e+23
4.023262649137320e+23
2.521322687516173e+23
2.304060661200287e+23
1.773750667840599e+23
3.932215004826013e+23
3.381767283007034e+23
5.433113838771596e+22
2.712373792133653e+22
8.257428590996747e+22
8.257428590996747e+22
2.205732033779792e+23
1.807097657379300e+22
7.351298965422535e+22
7.351298965422535e+22
2.115076092581856e+23
2.022348478133793e+23
2.336051520055143e+23
1.773205119847687e+23
2.159366422997228e+23
3.746842570673880e+23
2.245368138524998e+23
1.682464758273407e+23
2.068660316615823e+23
3.656087583863008e+23
2.022348478133793e+23
2.336051520055143e+23
2.159366422997228e+23
1.773205119847687e+23
3.746842570673880e+23
2.245368138524998e+23
2.068660316615823e+23
1.682464758273407e+23
3.656087583863008e+23
3.199582733211980e+23
2.932681606641145e+23
3.715386570282253e+23
2.229107738911345e+23
3.335870456558619e+23
5.126900078215796e+23
3.533066743461701e+23
2.046510038811564e+23
3.153443347100010e+23
4.944235277844219e+23
2.932681606641145e+23
3.715386570282253e+23
3.335870456558619e+23
2.229107738911345e+23
5.126900078215796e+23
3.533066743461701e+23
3.153443347100010e+23
2.046510038811564e+23
4.944235277844219e+23
4.110963616349763e+23
1.087608006325735e+23
5.426193058984094e+22
1.651702327536001e+23
1.651702327536001e+23
2.909982247266844e+23
3.614204986198311e+22
1.470262364068187e+23
1.470262364068187e+23
2.728419155113316e+23
2.567686758394049e+23
3.162138639105000e+23
2.044968210142812e+23
2.863645269070971e+23
4.573025643104065e+23
2.980498895725860e+23
1.863168973133608e+23
2.681943617387167e+23
4.391187663098873e+23
2.567686758394049e+23
3.162138639105000e+23
2.863645269070971e+23
2.044968210142812e+23
4.573025643104065e+23
2.980498895725860e+23
2.681943617387167e+23
1.863168973133608e+23
4.391187663098873e+23
3.745388635398390e+23
2.948347291492053e+23
4.445304971284575e+23
2.960177167070505e+23
4.066244849491805e+23
4.346373385644177e+23
4.079326328978642e+23
2.593422751037971e+23
3.699964765167997e+23
3.979431121029959e+23
2.948347291492053e+23
4.445304971284575e+23
4.066244849491805e+23
2.960177167070505e+23
4.346373385644177e+23
4.079326328978642e+23
3.699964765167997e+23
2.593422751037971e+23
3.979431121029959e+23
2.627342555800749e+23
7.322822678418536e+22
1.085649160738260e+23
1.825541280631536e+23
1.825541280631536e+23
3.165206525684137e+23
7.228448657919946e+22
1.462058787451052e+23
1.462058787451052e+23
2.801391544559144e+23
2.215391812291534e+23
3.336376292682995e+23
2.589066353376185e+23
3.119203104489329e+23
3.235694449993882e+23
2.972322249184268e+23
2.224568696275188e+23
2.754973910047022e+23
2.871086935073527e+23
2.215391812291534e+23
3.336376292682995e+23
3.119203104489329e+23
2.589066353376185e+23
3.235694449993882e+23
2.972322249184268e+23
2.754973910047022e+23
2.224568696275188e+23
2.871086935073527e+23
1.892758266902500e+23
1.462191836997329e+23
2.954946876861639e+23
1.481850032179225e+23
2.632149861935539e+23
2.961607466954163e+23
2.219231622633433e+23
7.439067295863100e+22
1.895577119340327e+23
2.223128338581639e+23
1.462191836997329e+23
2.954946876861639e+23
2.632149861935539e+23
1.481850032179225e+23
2.961607466954163e+23
2.219231622633433e+23
1.895577119340327e+23
7.439067295863100e+22
2.223128338581639e+23
1.464783228027152e+23
0.000000000000000e+00
7.267487871861510e+22
7.286785955131914e+22
7.286785955131914e+22
7.295974774566056e+22
0.000000000000000e+00
0.000000000000000e+00
0.000000000000000e+00
0.000000000000000e+00
0.000000000000000e+00
7.302678271381118e+22
7.315672237668066e+22
7.307763719387524e+22
7.318913418389167e+22
0.000000000000000e+00
0.000000000000000e+00
0.000000000000000e+00
0.000000000000000e+00
0.000000000000000e+00
7.302678271381118e+22
7.307763719387524e+22
7.315672237668066e+22
7.318913418389167e+22
0.000000000000000e+00
0.000000000000000e+00
0.000000000000000e+00
0.000000000000000e+00
0.000000000000000e+00
