8.711615342233621e+22
1.069018561152989e+23
4.121740576865296e+23
4.575341471305084e+23
4.962197641916359e+23
5.837806911370027e+23
5.299556162419108e+23
5.837806911370027e+23
5.299556162419108e+23
3.181156689452440e+23
3.988278785330097e+23
4.121740576865296e+23
4.575341471305084e+23
5.837806911370027e+23
4.962197641916359e+23
5.299556162419108e+23
5.837806911370027e+23
3.181156689452440e+23
5.299556162419108e+23
3.988278785330097e+23
4.390383038951827e+23
4.189339876702796e+23
5.342158764345423e+23
5.342158764345423e+23
2.235058587118022e+23
2.896025222830967e+23
2.745630862255801e+23
2.745630862255801e+23
1.155416328367890e+23
3.118261804402653e+23
4.355005018569055e+23
4.165715164353594e+23
5.336345427657409e+23
2.896025222830967e+23
2.745630862255802e+23
5.312720715049057e+23
2.195043149742333e+23
2.382034782177698e+23
1.140650888749397e+23
4.355005018569055e+23
4.165715164353594e+23
2.896025222830967e+23
5.336345427657409e+23
2.745630862255802e+23
5.312720715049057e+23
2.382034782177698e+23
2.195043149742333e+23
1.140650888749397e+23
4.341042212740132e+22
5.315561907538734e+22
2.051098520894851e+23
2.280104142249760e+23
2.473451463950272e+23
2.910433090952961e+23
2.641266666779198e+23
2.910433090952961e+23
2.641266666779198e+23
1.585440545578854e+23
1.986543419119848e+23
2.051098520894851e+23
2.280104142249760e+23
2.910433090952961e+23
2.473451463950272e+23
2.641266666779198e+23
2.910433090952961e+23
1.585440545578854e+23
2.641266666779198e+23
1.986543419119848e+23
2.189352313274339e+23
2.088151891151189e+23
2.665374703038933e+23
2.665374703038933e+23
1.117529292471226e+23
1.442658390347111e+23
1.362611525200907e+23
1.362611525200907e+23
5.709742373644022e+22
1.554889283030200e+23
2.168739741288804e+23
2.076339534976589e+23
2.659561366350918e+23
1.442658390347111e+23
1.362611525200907e+23
2.647749010046743e+23
1.092279299073020e+23
1.185199149396736e+23
5.650680614412830e+22
2.168739741288804e+23
2.076339534976589e+23
1.442658390347111e+23
2.659561366350918e+23
1.362611525200907e+23
2.647749010046743e+23
1.185199149396736e+23
1.092279299073020e+23
5.650680614412830e+22
2.155755650706625e+22
2.628250055543159e+22
1.015777492909629e+23
1.131008933994566e+23
1.229078375904455e+23
1.446746180877791e+23
1.312121919251932e+23
1.446746180877791e+23
1.312121919251932e+23
7.875824739991425e+22
9.856757355279751e+22
1.015777492909629e+23
1.131008933994566e+23
1.446746180877791e+23
1.229078375904455e+23
1.312121919251932e+23
1.446746180877791e+23
7.875824739991425e+22
1.312121919251932e+23
9.856757355279751e+22
1.087360406549458e+23
1.039034442507726e+23
1.326982673136130e+23
1.326982673136130e+23
5.587646458550061e+22
7.159749744278424e+22
6.725784008313741e+22
6.725784008313741e+22
2.802297360646534e+22
7.732030223439732e+22
1.075607103025396e+23
1.033128264420426e+23
1.321169336448116e+23
7.159749744278424e+22
6.725784008313741e+22
1.315263158296028e+23
5.394208298301763e+22
5.853047891604061e+22
2.772766481030938e+22
1.075607103025396e+23
1.033128264420426e+23
7.159749744278424e+22
1.321169336448116e+23
6.725784008313741e+22
1.315263158296028e+23
5.853047891604061e+22
5.394208298301763e+22
2.772766481030938e+22
1.063112371608421e+22
1.299359572108139e+22
4.995935235794688e+22
5.564613298669698e+22
6.068918312917172e+22
7.134261817909683e+22
6.475495456018691e+22
7.134261817909682e+22
6.475495456018691e+22
3.886534384794700e+22
4.852418939776845e+22
4.995935235794688e+22
5.564613298669698e+22
7.134261817909683e+22
6.068918312917172e+22
6.475495456018691e+22
7.134261817909682e+22
3.886534384794700e+22
6.475495456018691e+22
4.852418939776845e+22
5.378409975857462e+22
5.129991740536548e+22
6.563101135222774e+22
6.563101135222774e+22
2.779057779315307e+22
3.526332666963636e+22
3.260852944886930e+22
3.260852944886930e+22
1.333809412127839e+22
3.838364366633112e+22
5.290407840677898e+22
5.100460850100046e+22
6.504967768342631e+22
3.526332666963636e+22
3.260852944886930e+22
6.475436877582191e+22
2.644681394107497e+22
2.853576090422413e+22
1.333809416417529e+22
5.290407840677898e+22
5.100460850100046e+22
3.526332666963636e+22
6.504967768342631e+22
3.260852944886930e+22
6.475436877582191e+22
2.853576090422413e+22
2.644681394107497e+22
1.333809416417529e+22
5.020252875780023e+21
6.201488878278612e+21
2.415015387322116e+22
2.706640722834455e+22
2.957985594046924e+22
3.467661822475569e+22
3.152633590165737e+22
3.467661822475569e+22
3.152633590165737e+22
1.877123764002130e+22
2.350249733738203e+22
2.415015387322116e+22
2.706640722834455e+22
3.467661822475569e+22
2.957985594046924e+22
3.152633590165737e+22
3.467661822475569e+22
1.877123764002130e+22
3.152633590165737e+22
2.350249733738203e+22
2.630812934072322e+22
2.499815398266191e+22
3.209738337153510e+22
3.209738337153510e+22
1.389528885264458e+22
1.694858684701291e+22
1.543152859760035e+22
1.543152859760035e+22
6.143308855018704e+21
1.891531436408028e+22
2.542810802284918e+22
2.499815398266190e+22
3.151604970273367e+22
1.694858684701291e+22
1.543152859760035e+22
3.151604970273367e+22
1.255152499990412e+22
1.368605636418099e+22
6.143308855018704e+21
2.542810802284918e+22
2.499815398266190e+22
1.694858684701291e+22
3.151604970273367e+22
1.543152859760035e+22
3.151604970273367e+22
1.368605636418099e+22
1.255152499990412e+22
6.143308855018704e+21
2.362471923600034e+21
2.953089915256582e+21
1.109790018283089e+22
1.277654436179310e+22
1.402519235822939e+22
1.634361824758513e+22
1.476437211659221e+22
1.634361824758513e+22
1.476437211659221e+22
8.871839004030560e+21
1.084399685823391e+22
1.109790018283089e+22
1.277654436179310e+22
1.634361824758513e+22
1.402519235822939e+22
1.476437211659221e+22
1.634361824758513e+22
8.871839004030560e+21
1.476437211659221e+22
1.084399685823391e+22
1.257014412709360e+22
1.184727227131012e+22
1.533056938118878e+22
1.533056938118878e+22
6.799989926725052e+21
7.791216935701193e+21
6.695373706100771e+21
6.695373706100771e+21
2.398261745555065e+21
1.208360685596283e+22
4.492140107685447e+21
4.492140107685447e+21
2.631148944386002e+21
5.258574495691968e+21
2.801008869790546e+21
2.801008869790546e+21
2.741967906456416e+21
9.181149726235470e+21
1.169012283088428e+22
1.184727227131012e+22
1.474923571238735e+22
7.791216935701193e+21
6.695373706100772e+21
1.474923571238735e+22
5.751534984652789e+21
6.113549628294317e+21
2.398261745555065e+21
1.169012283088428e+22
1.184727227131012e+22
7.791216935701193e+21
1.474923571238735e+22
6.695373706100772e+21
1.474923571238735e+22
6.113549628294317e+21
5.751534984652789e+21
2.398261745555065e+21
1.181235929048336e+21
1.181235975366207e+21
4.719427816323847e+21
5.483958467865206e+21
6.100206105801458e+21
7.177118258999842e+21
6.383390224059626e+21
7.177118258999842e+21
6.383390224059626e+21
3.774485218063082e+21
4.514746618659850e+21
4.719427816323847e+21
5.483958467865206e+21
7.177118258999842e+21
6.100206105801458e+21
6.383390224059626e+21
7.177118258999842e+21
3.774485218063082e+21
6.383390224059626e+21
4.514746618659850e+21
4.968784711235634e+21
5.271831415634228e+21
6.365828717214196e+21
6.365828717214196e+21
2.203885521693026e+21
3.212531980045332e+21
2.327296260350983e+21
2.327296260350983e+21
5.257381908232453e+20
4.166412946005052e+21
4.968784711235634e+21
5.271831415634228e+21
6.365828717214196e+21
3.212531980045332e+21
2.327296260350983e+21
6.365828717214196e+21
2.203885521693026e+21
2.327296260350983e+21
5.257381908232453e+20
4.968784711235634e+21
5.271831415634228e+21
3.212531980045332e+21
6.365828717214196e+21
2.327296260350983e+21
6.365828717214196e+21
2.327296260350983e+21
2.203885521693026e+21
5.257381908232453e+20
2.953089822620839e+20
2.953090054210197e+20
1.659044555889844e+21
1.659044555889844e+21
1.752553394774905e+21
1.659044555889844e+21
1.752553394774905e+21
1.752553394774905e+21
0.000000000000000e+00
8.711615342233621e+22
4.121740576865296e+23
4.962197641916359e+23
4.575341471305084e+23
5.299556162419108e+23
5.837806911370027e+23
5.299556162419108e+23
5.837806911370027e+23
3.988278785330097e+23
3.181156689452440e+23
1.069018561152989e+23
4.390383038951827e+23
5.342158764345423e+23
4.189339876702796e+23
2.235058587118022e+23
5.342158764345423e+23
2.745630862255801e+23
2.896025222830967e+23
1.155416328367890e+23
2.745630862255801e+23
4.121740576865296e+23
5.837806911370027e+23
4.575341471305084e+23
5.299556162419108e+23
4.962197641916359e+23
3.181156689452440e+23
5.837806911370027e+23
3.988278785330097e+23
5.299556162419108e+23
4.355005018569055e+23
5.336345427657409e+23
4.165715164353594e+23
2.745630862255802e+23
2.896025222830967e+23
2.195043149742333e+23
5.312720715049057e+23
1.140650888749397e+23
2.382034782177698e+23
3.118261804402653e+23
4.341042212740132e+22
2.051098520894851e+23
2.473451463950272e+23
2.280104142249760e+23
2.641266666779198e+23
2.910433090952961e+23
2.641266666779198e+23
2.910433090952961e+23
1.986543419119848e+23
1.585440545578854e+23
5.315561907538734e+22
2.189352313274339e+23
2.665374703038933e+23
2.088151891151189e+23
1.117529292471226e+23
2.665374703038933e+23
1.362611525200907e+23
1.442658390347111e+23
5.709742373644022e+22
1.362611525200907e+23
2.051098520894851e+23
2.910433090952961e+23
2.280104142249760e+23
2.641266666779198e+23
2.473451463950272e+23
1.585440545578854e+23
2.910433090952961e+23
1.986543419119848e+23
2.641266666779198e+23
2.168739741288804e+23
2.659561366350918e+23
2.076339534976589e+23
1.362611525200907e+23
1.442658390347111e+23
1.092279299073020e+23
2.647749010046743e+23
5.650680614412830e+22
1.185199149396736e+23
1.554889283030200e+23
2.155755650706625e+22
1.015777492909629e+23
1.229078375904455e+23
1.131008933994566e+23
1.312121919251932e+23
1.446746180877791e+23
1.312121919251932e+23
1.446746180877791e+23
9.856757355279751e+22
7.875824739991425e+22
2.628250055543159e+22
1.087360406549458e+23
1.326982673136130e+23
1.039034442507726e+23
5.587646458550061e+22
1.326982673136130e+23
6.725784008313741e+22
7.159749744278424e+22
2.802297360646534e+22
6.725784008313741e+22
1.015777492909629e+23
1.446746180877791e+23
1.131008933994566e+23
1.312121919251932e+23
1.229078375904455e+23
7.875824739991425e+22
1.446746180877791e+23
9.856757355279751e+22
1.312121919251932e+23
1.075607103025396e+23
1.321169336448116e+23
1.033128264420426e+23
6.725784008313741e+22
7.159749744278424e+22
5.394208298301763e+22
1.315263158296028e+23
2.772766481030938e+22
5.853047891604061e+22
7.732030223439732e+22
1.063112371608421e+22
4.995935235794688e+22
6.068918312917172e+22
5.564613298669698e+22
6.475495456018691e+22
7.134261817909683e+22
6.475495456018691e+22
7.134261817909682e+22
4.852418939776845e+22
3.886534384794700e+22
1.299359572108139e+22
5.378409975857462e+22
6.563101135222774e+22
5.129991740536548e+22
2.779057779315307e+22
6.563101135222774e+22
3.260852944886930e+22
3.526332666963636e+22
1.333809412127839e+22
3.260852944886930e+22
4.995935235794688e+22
7.134261817909683e+22
5.564613298669698e+22
6.475495456018691e+22
6.068918312917172e+22
3.886534384794700e+22
7.134261817909682e+22
4.852418939776845e+22
6.475495456018691e+22
5.290407840677898e+22
6.504967768342631e+22
5.100460850100046e+22
3.260852944886930e+22
3.526332666963636e+22
2.644681394107497e+22
6.475436877582191e+22
1.333809416417529e+22
2.853576090422413e+22
3.838364366633112e+22
5.020252875780023e+21
2.415015387322116e+22
2.957985594046924e+22
2.706640722834455e+22
3.152633590165737e+22
3.467661822475569e+22
3.152633590165737e+22
3.467661822475569e+22
2.350249733738203e+22
1.877123764002130e+22
6.201488878278612e+21
2.630812934072322e+22
3.209738337153510e+22
2.499815398266191e+22
1.389528885264458e+22
3.209738337153510e+22
1.543152859760035e+22
1.694858684701291e+22
6.143308855018704e+21
1.543152859760035e+22
2.415015387322116e+22
3.467661822475569e+22
2.706640722834455e+22
3.152633590165737e+22
2.957985594046924e+22
1.877123764002130e+22
3.467661822475569e+22
2.350249733738203e+22
3.152633590165737e+22
2.542810802284918e+22
3.151604970273367e+22
2.499815398266190e+22
1.543152859760035e+22
1.694858684701291e+22
1.255152499990412e+22
3.151604970273367e+22
6.143308855018704e+21
1.368605636418099e+22
1.891531436408028e+22
2.362471923600034e+21
1.109790018283089e+22
1.402519235822939e+22
1.277654436179310e+22
1.476437211659221e+22
1.634361824758513e+22
1.476437211659221e+22
1.634361824758513e+22
1.084399685823391e+22
8.871839004030560e+21
2.953089915256582e+21
1.257014412709360e+22
1.533056938118878e+22
1.184727227131012e+22
6.799989926725052e+21
1.533056938118878e+22
6.695373706100771e+21
7.791216935701193e+21
2.398261745555065e+21
4.492140107685447e+21
1.208360685596283e+22
2.631148944386002e+21
4.492140107685447e+21
2.801008869790546e+21
5.258574495691968e+21
2.741967906456416e+21
2.801008869790546e+21
6.695373706100771e+21
1.109790018283089e+22
1.634361824758513e+22
1.277654436179310e+22
1.476437211659221e+22
1.402519235822939e+22
8.871839004030560e+21
1.634361824758513e+22
1.084399685823391e+22
1.476437211659221e+22
1.169012283088428e+22
1.474923571238735e+22
1.184727227131012e+22
6.695373706100772e+21
7.791216935701193e+21
5.751534984652789e+21
1.474923571238735e+22
2.398261745555065e+21
6.113549628294317e+21
9.181149726235470e+21
1.181235929048336e+21
4.719427816323847e+21
6.100206105801458e+21
5.483958467865206e+21
6.383390224059626e+21
7.177118258999842e+21
6.383390224059626e+21
7.177118258999842e+21
4.514746618659850e+21
3.774485218063082e+21
1.181235975366207e+21
4.968784711235634e+21
6.365828717214196e+21
5.271831415634228e+21
2.203885521693026e+21
6.365828717214196e+21
2.327296260350983e+21
3.212531980045332e+21
5.257381908232453e+20
2.327296260350983e+21
4.719427816323847e+21
7.177118258999842e+21
5.483958467865206e+21
6.383390224059626e+21
6.100206105801458e+21
3.774485218063082e+21
7.177118258999842e+21
4.514746618659850e+21
6.383390224059626e+21
4.968784711235634e+21
6.365828717214196e+21
5.271831415634228e+21
2.327296260350983e+21
3.212531980045332e+21
2.203885521693026e+21
6.365828717214196e+21
5.257381908232453e+20
2.327296260350983e+21
4.166412946005052e+21
2.953089822620839e+20
1.659044555889844e+21
2.953090054210197e+20
1.752553394774905e+21
1.659044555889844e+21
1.752553394774905e+21
1.659044555889844e+21
0.000000000000000e+00
1.752553394774905e+21
4.968784711235634e+21
3.212531980045332e+21
5.271831415634228e+21
2.327296260350983e+21
6.365828717214196e+21
2.327296260350983e+21
6.365828717214196e+21
5.257381908232453e+20
2.203885521693026e+21
1.169012283088428e+22
7.791216935701193e+21
1.184727227131012e+22
6.695373706100772e+21
1.474923571238735e+22
6.113549628294317e+21
1.474923571238735e+22
2.398261745555065e+21
5.751534984652789e+21
2.542810802284918e+22
1.694858684701291e+22
2.499815398266190e+22
1.543152859760035e+22
3.151604970273367e+22
1.368605636418099e+22
3.151604970273367e+22
6.143308855018704e+21
1.255152499990412e+22
5.290407840677898e+22
3.526332666963636e+22
5.100460850100046e+22
3.260852944886930e+22
6.504967768342631e+22
2.853576090422413e+22
6.475436877582191e+22
1.333809416417529e+22
2.644681394107497e+22
1.075607103025396e+23
7.159749744278424e+22
1.033128264420426e+23
6.725784008313741e+22
1.321169336448116e+23
5.853047891604061e+22
1.315263158296028e+23
2.772766481030938e+22
5.394208298301763e+22
2.168739741288804e+23
1.442658390347111e+23
2.076339534976589e+23
1.362611525200907e+23
2.659561366350918e+23
1.185199149396736e+23
2.647749010046743e+23
5.650680614412830e+22
1.092279299073020e+23
4.355005018569055e+23
2.896025222830967e+23
4.165715164353594e+23
2.745630862255802e+23
5.336345427657409e+23
2.382034782177698e+23
5.312720715049057e+23
1.140650888749397e+23
2.195043149742333e+23
8.711615342233621e+22
4.121740576865296e+23
4.962197641916359e+23
5.299556162419108e+23
4.575341471305084e+23
5.837806911370027e+23
5.299556162419108e+23
3.988278785330097e+23
5.837806911370027e+23
3.181156689452440e+23
4.390383038951827e+23
5.342158764345423e+23
2.235058587118022e+23
4.189339876702796e+23
5.342158764345423e+23
2.745630862255801e+23
1.155416328367890e+23
2.896025222830967e+23
2.745630862255801e+23
1.069018561152989e+23
4.121740576865296e+23
5.837806911370027e+23
5.299556162419108e+23
4.575341471305084e+23
4.962197641916359e+23
3.181156689452440e+23
3.988278785330097e+23
5.837806911370027e+23
5.299556162419108e+23
4.355005018569055e+23
5.336345427657409e+23
2.745630862255802e+23
4.165715164353594e+23
2.896025222830967e+23
2.195043149742333e+23
1.140650888749397e+23
5.312720715049057e+23
2.382034782177698e+23
4.341042212740132e+22
2.051098520894851e+23
2.473451463950272e+23
2.641266666779198e+23
2.280104142249760e+23
2.910433090952961e+23
2.641266666779198e+23
1.986543419119848e+23
2.910433090952961e+23
1.585440545578854e+23
2.189352313274339e+23
2.665374703038933e+23
1.117529292471226e+23
2.088151891151189e+23
2.665374703038933e+23
1.362611525200907e+23
5.709742373644022e+22
1.442658390347111e+23
1.362611525200907e+23
5.315561907538734e+22
2.051098520894851e+23
2.910433090952961e+23
2.641266666779198e+23
2.280104142249760e+23
2.473451463950272e+23
1.585440545578854e+23
1.986543419119848e+23
2.910433090952961e+23
2.641266666779198e+23
2.168739741288804e+23
2.659561366350918e+23
1.362611525200907e+23
2.076339534976589e+23
1.442658390347111e+23
1.092279299073020e+23
5.650680614412830e+22
2.647749010046743e+23
1.185199149396736e+23
2.155755650706625e+22
1.015777492909629e+23
1.229078375904455e+23
1.312121919251932e+23
1.131008933994566e+23
1.446746180877791e+23
1.312121919251932e+23
9.856757355279751e+22
1.446746180877791e+23
7.875824739991425e+22
1.087360406549458e+23
1.326982673136130e+23
5.587646458550061e+22
1.039034442507726e+23
1.326982673136130e+23
6.725784008313741e+22
2.802297360646534e+22
7.159749744278424e+22
6.725784008313741e+22
2.628250055543159e+22
1.015777492909629e+23
1.446746180877791e+23
1.312121919251932e+23
1.131008933994566e+23
1.229078375904455e+23
7.875824739991425e+22
9.856757355279751e+22
1.446746180877791e+23
1.312121919251932e+23
1.075607103025396e+23
1.321169336448116e+23
6.725784008313741e+22
1.033128264420426e+23
7.159749744278424e+22
5.394208298301763e+22
2.772766481030938e+22
1.315263158296028e+23
5.853047891604061e+22
1.063112371608421e+22
4.995935235794688e+22
6.068918312917172e+22
6.475495456018691e+22
5.564613298669698e+22
7.134261817909683e+22
6.475495456018691e+22
4.852418939776845e+22
7.134261817909682e+22
3.886534384794700e+22
5.378409975857462e+22
6.563101135222774e+22
2.779057779315307e+22
5.129991740536548e+22
6.563101135222774e+22
3.260852944886930e+22
1.333809412127839e+22
3.526332666963636e+22
3.260852944886930e+22
1.299359572108139e+22
4.995935235794688e+22
7.134261817909683e+22
6.475495456018691e+22
5.564613298669698e+22
6.068918312917172e+22
3.886534384794700e+22
4.852418939776845e+22
7.134261817909682e+22
6.475495456018691e+22
5.290407840677898e+22
6.504967768342631e+22
3.260852944886930e+22
5.100460850100046e+22
3.526332666963636e+22
2.644681394107497e+22
1.333809416417529e+22
6.475436877582191e+22
2.853576090422413e+22
5.020252875780023e+21
2.415015387322116e+22
2.957985594046924e+22
3.152633590165737e+22
2.706640722834455e+22
3.467661822475569e+22
3.152633590165737e+22
2.350249733738203e+22
3.467661822475569e+22
1.877123764002130e+22
2.630812934072322e+22
3.209738337153510e+22
1.389528885264458e+22
2.499815398266191e+22
3.209738337153510e+22
1.543152859760035e+22
6.143308855018704e+21
1.694858684701291e+22
1.543152859760035e+22
6.201488878278612e+21
2.415015387322116e+22
3.467661822475569e+22
3.152633590165737e+22
2.706640722834455e+22
2.957985594046924e+22
1.877123764002130e+22
2.350249733738203e+22
3.467661822475569e+22
3.152633590165737e+22
2.542810802284918e+22
3.151604970273367e+22
1.543152859760035e+22
2.499815398266190e+22
1.694858684701291e+22
1.255152499990412e+22
6.143308855018704e+21
3.151604970273367e+22
1.368605636418099e+22
2.362471923600034e+21
1.109790018283089e+22
1.402519235822939e+22
1.476437211659221e+22
1.277654436179310e+22
1.634361824758513e+22
1.476437211659221e+22
1.084399685823391e+22
1.634361824758513e+22
8.871839004030560e+21
1.257014412709360e+22
1.533056938118878e+22
6.799989926725052e+21
1.184727227131012e+22
1.533056938118878e+22
6.695373706100771e+21
2.398261745555065e+21
4.492140107685447e+21
2.631148944386002e+21
1.208360685596283e+22
4.492140107685447e+21
2.801008869790546e+21
2.741967906456416e+21
5.258574495691968e+21
2.801008869790546e+21
7.791216935701193e+21
6.695373706100771e+21
2.953089915256582e+21
1.109790018283089e+22
1.634361824758513e+22
1.476437211659221e+22
1.277654436179310e+22
1.402519235822939e+22
8.871839004030560e+21
1.084399685823391e+22
1.634361824758513e+22
1.476437211659221e+22
1.169012283088428e+22
1.474923571238735e+22
6.695373706100772e+21
1.184727227131012e+22
7.791216935701193e+21
5.751534984652789e+21
2.398261745555065e+21
1.474923571238735e+22
6.113549628294317e+21
1.181235929048336e+21
4.719427816323847e+21
6.100206105801458e+21
6.383390224059626e+21
5.483958467865206e+21
7.177118258999842e+21
6.383390224059626e+21
4.514746618659850e+21
7.177118258999842e+21
3.774485218063082e+21
4.968784711235634e+21
6.365828717214196e+21
2.203885521693026e+21
5.271831415634228e+21
6.365828717214196e+21
2.327296260350983e+21
5.257381908232453e+20
3.212531980045332e+21
2.327296260350983e+21
1.181235975366207e+21
4.719427816323847e+21
7.177118258999842e+21
6.383390224059626e+21
5.483958467865206e+21
6.100206105801458e+21
3.774485218063082e+21
4.514746618659850e+21
7.177118258999842e+21
6.383390224059626e+21
4.968784711235634e+21
6.365828717214196e+21
2.327296260350983e+21
5.271831415634228e+21
3.212531980045332e+21
2.203885521693026e+21
5.257381908232453e+20
6.365828717214196e+21
2.327296260350983e+21
2.953089822620839e+20
1.659044555889844e+21
1.752553394774905e+21
2.953090054210197e+20
1.659044555889844e+21
1.752553394774905e+21
0.000000000000000e+00
1.659044555889844e+21
1.752553394774905e+21
4.166412946005052e+21
4.968784711235634e+21
3.212531980045332e+21
2.327296260350983e+21
5.271831415634228e+21
6.365828717214196e+21
2.327296260350983e+21
5.257381908232453e+20
6.365828717214196e+21
2.203885521693026e+21
9.181149726235470e+21
1.169012283088428e+22
7.791216935701193e+21
6.695373706100772e+21
1.184727227131012e+22
1.474923571238735e+22
6.113549628294317e+21
2.398261745555065e+21
1.474923571238735e+22
5.751534984652789e+21
1.891531436408028e+22
2.542810802284918e+22
1.694858684701291e+22
1.543152859760035e+22
2.499815398266190e+22
3.151604970273367e+22
1.368605636418099e+22
6.143308855018704e+21
3.151604970273367e+22
1.255152499990412e+22
3.838364366633112e+22
5.290407840677898e+22
3.526332666963636e+22
3.260852944886930e+22
5.100460850100046e+22
6.504967768342631e+22
2.853576090422413e+22
1.333809416417529e+22
6.475436877582191e+22
2.644681394107497e+22
7.732030223439732e+22
1.075607103025396e+23
7.159749744278424e+22
6.725784008313741e+22
1.033128264420426e+23
1.321169336448116e+23
5.853047891604061e+22
2.772766481030938e+22
1.315263158296028e+23
5.394208298301763e+22
1.554889283030200e+23
2.168739741288804e+23
1.442658390347111e+23
1.362611525200907e+23
2.076339534976589e+23
2.659561366350918e+23
1.185199149396736e+23
5.650680614412830e+22
2.647749010046743e+23
1.092279299073020e+23
3.118261804402653e+23
4.355005018569055e+23
2.896025222830967e+23
2.745630862255802e+23
4.165715164353594e+23
5.336345427657409e+23
2.382034782177698e+23
1.140650888749397e+23
5.312720715049057e+23
2.195043149742333e+23
8.711615342233621e+22
4.390383038951827e+23
2.235058587118022e+23
5.342158764345423e+23
5.342158764345423e+23
4.189339876702796e+23
1.155416328367890e+23
2.745630862255801e+23
2.745630862255801e+23
2.896025222830967e+23
4.121740576865296e+23
5.299556162419108e+23
4.962197641916359e+23
5.837806911370027e+23
4.575341471305084e+23
3.988278785330097e+23
5.299556162419108e+23
3.181156689452440e+23
5.837806911370027e+23
4.121740576865296e+23
5.299556162419108e+23
5.837806911370027e+23
4.962197641916359e+23
4.575341471305084e+23
3.988278785330097e+23
3.181156689452440e+23
5.299556162419108e+23
5.837806911370027e+23
1.069018561152989e+23
4.341042212740132e+22
2.189352313274339e+23
1.117529292471226e+23
2.665374703038933e+23
2.665374703038933e+23
2.088151891151189e+23
5.709742373644022e+22
1.362611525200907e+23
1.362611525200907e+23
1.442658390347111e+23
2.051098520894851e+23
2.641266666779198e+23
2.473451463950272e+23
2.910433090952961e+23
2.280104142249760e+23
1.986543419119848e+23
2.641266666779198e+23
1.585440545578854e+23
2.910433090952961e+23
2.051098520894851e+23
2.641266666779198e+23
2.910433090952961e+23
2.473451463950272e+23
2.280104142249760e+23
1.986543419119848e+23
1.585440545578854e+23
2.641266666779198e+23
2.910433090952961e+23
5.315561907538734e+22
2.155755650706625e+22
1.087360406549458e+23
5.587646458550061e+22
1.326982673136130e+23
1.326982673136130e+23
1.039034442507726e+23
2.802297360646534e+22
6.725784008313741e+22
6.725784008313741e+22
7.159749744278424e+22
1.015777492909629e+23
1.312121919251932e+23
1.229078375904455e+23
1.446746180877791e+23
1.131008933994566e+23
9.856757355279751e+22
1.312121919251932e+23
7.875824739991425e+22
1.446746180877791e+23
1.015777492909629e+23
1.312121919251932e+23
1.446746180877791e+23
1.229078375904455e+23
1.131008933994566e+23
9.856757355279751e+22
7.875824739991425e+22
1.312121919251932e+23
1.446746180877791e+23
2.628250055543159e+22
1.063112371608421e+22
5.378409975857462e+22
2.779057779315307e+22
6.563101135222774e+22
6.563101135222774e+22
5.129991740536548e+22
1.333809412127839e+22
3.260852944886930e+22
3.260852944886930e+22
3.526332666963636e+22
4.995935235794688e+22
6.475495456018691e+22
6.068918312917172e+22
7.134261817909683e+22
5.564613298669698e+22
4.852418939776845e+22
6.475495456018691e+22
3.886534384794700e+22
7.134261817909682e+22
4.995935235794688e+22
6.475495456018691e+22
7.134261817909683e+22
6.068918312917172e+22
5.564613298669698e+22
4.852418939776845e+22
3.886534384794700e+22
6.475495456018691e+22
7.134261817909682e+22
1.299359572108139e+22
5.020252875780023e+21
2.630812934072322e+22
1.389528885264458e+22
3.209738337153510e+22
3.209738337153510e+22
2.499815398266191e+22
6.143308855018704e+21
1.543152859760035e+22
1.543152859760035e+22
1.694858684701291e+22
2.415015387322116e+22
3.152633590165737e+22
2.957985594046924e+22
3.467661822475569e+22
2.706640722834455e+22
2.350249733738203e+22
3.152633590165737e+22
1.877123764002130e+22
3.467661822475569e+22
2.415015387322116e+22
3.152633590165737e+22
3.467661822475569e+22
2.957985594046924e+22
2.706640722834455e+22
2.350249733738203e+22
1.877123764002130e+22
3.152633590165737e+22
3.467661822475569e+22
6.201488878278612e+21
2.362471923600034e+21
1.257014412709360e+22
6.799989926725052e+21
1.533056938118878e+22
1.533056938118878e+22
1.184727227131012e+22
2.398261745555065e+21
2.631148944386002e+21
4.492140107685447e+21
4.492140107685447e+21
1.208360685596283e+22
2.741967906456416e+21
2.801008869790546e+21
2.801008869790546e+21
5.258574495691968e+21
6.695373706100771e+21
6.695373706100771e+21
7.791216935701193e+21
1.109790018283089e+22
1.476437211659221e+22
1.402519235822939e+22
1.634361824758513e+22
1.277654436179310e+22
1.084399685823391e+22
1.476437211659221e+22
8.871839004030560e+21
1.634361824758513e+22
1.109790018283089e+22
1.476437211659221e+22
1.634361824758513e+22
1.402519235822939e+22
1.277654436179310e+22
1.084399685823391e+22
8.871839004030560e+21
1.476437211659221e+22
1.634361824758513e+22
2.953089915256582e+21
1.181235929048336e+21
4.968784711235634e+21
2.203885521693026e+21
6.365828717214196e+21
6.365828717214196e+21
5.271831415634228e+21
5.257381908232453e+20
2.327296260350983e+21
2.327296260350983e+21
3.212531980045332e+21
4.719427816323847e+21
6.383390224059626e+21
6.100206105801458e+21
7.177118258999842e+21
5.483958467865206e+21
4.514746618659850e+21
6.383390224059626e+21
3.774485218063082e+21
7.177118258999842e+21
4.719427816323847e+21
6.383390224059626e+21
7.177118258999842e+21
6.100206105801458e+21
5.483958467865206e+21
4.514746618659850e+21
3.774485218063082e+21
6.383390224059626e+21
7.177118258999842e+21
1.181235975366207e+21
2.953089822620839e+20
1.752553394774905e+21
1.659044555889844e+21
1.659044555889844e+21
2.953090054210197e+20
0.000000000000000e+00
1.752553394774905e+21
1.752553394774905e+21
1.659044555889844e+21
4.968784711235634e+21
2.327296260350983e+21
6.365828717214196e+21
3.212531980045332e+21
5.271831415634228e+21
5.257381908232453e+20
2.203885521693026e+21
2.327296260350983e+21
6.365828717214196e+21
4.968784711235634e+21
2.327296260350983e+21
3.212531980045332e+21
6.365828717214196e+21
5.271831415634228e+21
5.257381908232453e+20
2.327296260350983e+21
2.203885521693026e+21
6.365828717214196e+21
4.166412946005052e+21
1.169012283088428e+22
6.695373706100772e+21
1.474923571238735e+22
7.791216935701193e+21
1.184727227131012e+22
2.398261745555065e+21
5.751534984652789e+21
6.113549628294317e+21
1.474923571238735e+22
1.169012283088428e+22
6.695373706100772e+21
7.791216935701193e+21
1.474923571238735e+22
1.184727227131012e+22
2.398261745555065e+21
6.113549628294317e+21
5.751534984652789e+21
1.474923571238735e+22
9.181149726235470e+21
2.542810802284918e+22
1.543152859760035e+22
3.151604970273367e+22
1.694858684701291e+22
2.499815398266190e+22
6.143308855018704e+21
1.255152499990412e+22
1.368605636418099e+22
3.151604970273367e+22
2.542810802284918e+22
1.543152859760035e+22
1.694858684701291e+22
3.151604970273367e+22
2.499815398266190e+22
6.143308855018704e+21
1.368605636418099e+22
1.255152499990412e+22
3.151604970273367e+22
1.891531436408028e+22
5.290407840677898e+22
3.260852944886930e+22
6.504967768342631e+22
3.526332666963636e+22
5.100460850100046e+22
1.333809416417529e+22
2.644681394107497e+22
2.853576090422413e+22
6.475436877582191e+22
5.290407840677898e+22
3.260852944886930e+22
3.526332666963636e+22
6.504967768342631e+22
5.100460850100046e+22
1.333809416417529e+22
2.853576090422413e+22
2.644681394107497e+22
6.475436877582191e+22
3.838364366633112e+22
1.075607103025396e+23
6.725784008313741e+22
1.321169336448116e+23
7.159749744278424e+22
1.033128264420426e+23
2.772766481030938e+22
5.394208298301763e+22
5.853047891604061e+22
1.315263158296028e+23
1.075607103025396e+23
6.725784008313741e+22
7.159749744278424e+22
1.321169336448116e+23
1.033128264420426e+23
2.772766481030938e+22
5.853047891604061e+22
5.394208298301763e+22
1.315263158296028e+23
7.732030223439732e+22
2.168739741288804e+23
1.362611525200907e+23
2.659561366350918e+23
1.442658390347111e+23
2.076339534976589e+23
5.650680614412830e+22
1.092279299073020e+23
1.185199149396736e+23
2.647749010046743e+23
2.168739741288804e+23
1.362611525200907e+23
1.442658390347111e+23
2.659561366350918e+23
2.076339534976589e+23
5.650680614412830e+22
1.185199149396736e+23
1.092279299073020e+23
2.647749010046743e+23
1.554889283030200e+23
4.355005018569055e+23
2.745630862255802e+23
5.336345427657409e+23
2.896025222830967e+23
4.165715164353594e+23
1.140650888749397e+23
2.195043149742333e+23
2.382034782177698e+23
5.312720715049057e+23
4.355005018569055e+23
2.745630862255802e+23
2.896025222830967e+23
5.336345427657409e+23
4.165715164353594e+23
1.140650888749397e+23
2.382034782177698e+23
2.195043149742333e+23
5.312720715049057e+23
3.118261804402653e+23
8.711615342233621e+22
3.118261804402653e+23
4.355005018569055e+23
5.312720715049057e+23
2.195043149742333e+23
2.382034782177698e+23
1.140650888749397e+23
4.165715164353594e+23
5.336345427657409e+23
2.896025222830967e+23
2.745630862255802e+23
4.355005018569055e+23
5.312720715049057e+23
2.382034782177698e+23
2.195043149742333e+23
1.140650888749397e+23
4.165715164353594e+23
2.896025222830967e+23
5.336345427657409e+23
2.745630862255802e+23
4.341042212740132e+22
1.554889283030200e+23
2.168739741288804e+23
2.647749010046743e+23
1.092279299073020e+23
1.185199149396736e+23
5.650680614412830e+22
2.076339534976589e+23
2.659561366350918e+23
1.442658390347111e+23
1.362611525200907e+23
2.168739741288804e+23
2.647749010046743e+23
1.185199149396736e+23
1.092279299073020e+23
5.650680614412830e+22
2.076339534976589e+23
1.442658390347111e+23
2.659561366350918e+23
1.362611525200907e+23
2.155755650706625e+22
7.732030223439732e+22
1.075607103025396e+23
1.315263158296028e+23
5.394208298301763e+22
5.853047891604061e+22
2.772766481030938e+22
1.033128264420426e+23
1.321169336448116e+23
7.159749744278424e+22
6.725784008313741e+22
1.075607103025396e+23
1.315263158296028e+23
5.853047891604061e+22
5.394208298301763e+22
2.772766481030938e+22
1.033128264420426e+23
7.159749744278424e+22
1.321169336448116e+23
6.725784008313741e+22
1.063112371608421e+22
3.838364366633112e+22
5.290407840677898e+22
6.475436877582191e+22
2.644681394107497e+22
2.853576090422413e+22
1.333809416417529e+22
5.100460850100046e+22
6.504967768342631e+22
3.526332666963636e+22
3.260852944886930e+22
5.290407840677898e+22
6.475436877582191e+22
2.853576090422413e+22
2.644681394107497e+22
1.333809416417529e+22
5.100460850100046e+22
3.526332666963636e+22
6.504967768342631e+22
3.260852944886930e+22
5.020252875780023e+21
1.891531436408028e+22
2.542810802284918e+22
3.151604970273367e+22
1.255152499990412e+22
1.368605636418099e+22
6.143308855018704e+21
2.499815398266190e+22
3.151604970273367e+22
1.694858684701291e+22
1.543152859760035e+22
2.542810802284918e+22
3.151604970273367e+22
1.368605636418099e+22
1.255152499990412e+22
6.143308855018704e+21
2.499815398266190e+22
1.694858684701291e+22
3.151604970273367e+22
1.543152859760035e+22
2.362471923600034e+21
9.181149726235470e+21
1.169012283088428e+22
1.474923571238735e+22
5.751534984652789e+21
6.113549628294317e+21
2.398261745555065e+21
1.184727227131012e+22
1.474923571238735e+22
7.791216935701193e+21
6.695373706100772e+21
1.169012283088428e+22
1.474923571238735e+22
6.113549628294317e+21
5.751534984652789e+21
2.398261745555065e+21
1.184727227131012e+22
7.791216935701193e+21
1.474923571238735e+22
6.695373706100772e+21
1.181235929048336e+21
4.166412946005052e+21
4.968784711235634e+21
6.365828717214196e+21
2.203885521693026e+21
2.327296260350983e+21
5.257381908232453e+20
5.271831415634228e+21
6.365828717214196e+21
3.212531980045332e+21
2.327296260350983e+21
4.968784711235634e+21
6.365828717214196e+21
2.327296260350983e+21
2.203885521693026e+21
5.257381908232453e+20
5.271831415634228e+21
3.212531980045332e+21
6.365828717214196e+21
2.327296260350983e+21
2.953089822620839e+20
1.659044555889844e+21
1.752553394774905e+21
1.752553394774905e+21
0.000000000000000e+00
2.953090054210197e+20
1.659044555889844e+21
1.659044555889844e+21
1.752553394774905e+21
1.181235975366207e+21
4.719427816323847e+21
7.177118258999842e+21
6.383390224059626e+21
3.774485218063082e+21
4.514746618659850e+21
5.483958467865206e+21
6.100206105801458e+21
7.177118258999842e+21
6.383390224059626e+21
4.719427816323847e+21
7.177118258999842e+21
3.774485218063082e+21
6.383390224059626e+21
4.514746618659850e+21
5.483958467865206e+21
7.177118258999842e+21
6.100206105801458e+21
6.383390224059626e+21
4.968784711235634e+21
3.212531980045332e+21
2.327296260350983e+21
2.327296260350983e+21
5.257381908232453e+20
5.271831415634228e+21
6.365828717214196e+21
6.365828717214196e+21
2.203885521693026e+21
2.953089915256582e+21
1.109790018283089e+22
1.634361824758513e+22
1.476437211659221e+22
8.871839004030560e+21
1.084399685823391e+22
1.277654436179310e+22
1.402519235822939e+22
1.634361824758513e+22
1.476437211659221e+22
1.109790018283089e+22
1.634361824758513e+22
8.871839004030560e+21
1.476437211659221e+22
1.084399685823391e+22
1.277654436179310e+22
1.634361824758513e+22
1.402519235822939e+22
1.476437211659221e+22
1.257014412709360e+22
7.791216935701193e+21
6.695373706100771e+21
6.695373706100771e+21
2.398261745555065e+21
5.258574495691968e+21
2.801008869790546e+21
2.801008869790546e+21
2.741967906456416e+21
1.208360685596283e+22
4.492140107685447e+21
4.492140107685447e+21
2.631148944386002e+21
1.184727227131012e+22
1.533056938118878e+22
1.533056938118878e+22
6.799989926725052e+21
6.201488878278612e+21
2.415015387322116e+22
3.467661822475569e+22
3.152633590165737e+22
1.877123764002130e+22
2.350249733738203e+22
2.706640722834455e+22
2.957985594046924e+22
3.467661822475569e+22
3.152633590165737e+22
2.415015387322116e+22
3.467661822475569e+22
1.877123764002130e+22
3.152633590165737e+22
2.350249733738203e+22
2.706640722834455e+22
3.467661822475569e+22
2.957985594046924e+22
3.152633590165737e+22
2.630812934072322e+22
1.694858684701291e+22
1.543152859760035e+22
1.543152859760035e+22
6.143308855018704e+21
2.499815398266191e+22
3.209738337153510e+22
3.209738337153510e+22
1.389528885264458e+22
1.299359572108139e+22
4.995935235794688e+22
7.134261817909682e+22
6.475495456018691e+22
3.886534384794700e+22
4.852418939776845e+22
5.564613298669698e+22
6.068918312917172e+22
7.134261817909683e+22
6.475495456018691e+22
4.995935235794688e+22
7.134261817909682e+22
3.886534384794700e+22
6.475495456018691e+22
4.852418939776845e+22
5.564613298669698e+22
7.134261817909683e+22
6.068918312917172e+22
6.475495456018691e+22
5.378409975857462e+22
3.526332666963636e+22
3.260852944886930e+22
3.260852944886930e+22
1.333809412127839e+22
5.129991740536548e+22
6.563101135222774e+22
6.563101135222774e+22
2.779057779315307e+22
2.628250055543159e+22
1.015777492909629e+23
1.446746180877791e+23
1.312121919251932e+23
7.875824739991425e+22
9.856757355279751e+22
1.131008933994566e+23
1.229078375904455e+23
1.446746180877791e+23
1.312121919251932e+23
1.015777492909629e+23
1.446746180877791e+23
7.875824739991425e+22
1.312121919251932e+23
9.856757355279751e+22
1.131008933994566e+23
1.446746180877791e+23
1.229078375904455e+23
1.312121919251932e+23
1.087360406549458e+23
7.159749744278424e+22
6.725784008313741e+22
6.725784008313741e+22
2.802297360646534e+22
1.039034442507726e+23
1.326982673136130e+23
1.326982673136130e+23
5.587646458550061e+22
5.315561907538734e+22
2.051098520894851e+23
2.910433090952961e+23
2.641266666779198e+23
1.585440545578854e+23
1.986543419119848e+23
2.280104142249760e+23
2.473451463950272e+23
2.910433090952961e+23
2.641266666779198e+23
2.051098520894851e+23
2.910433090952961e+23
1.585440545578854e+23
2.641266666779198e+23
1.986543419119848e+23
2.280104142249760e+23
2.910433090952961e+23
2.473451463950272e+23
2.641266666779198e+23
2.189352313274339e+23
1.442658390347111e+23
1.362611525200907e+23
1.362611525200907e+23
5.709742373644022e+22
2.088151891151189e+23
2.665374703038933e+23
2.665374703038933e+23
1.117529292471226e+23
1.069018561152989e+23
4.121740576865296e+23
5.837806911370027e+23
5.299556162419108e+23
3.181156689452440e+23
3.988278785330097e+23
4.575341471305084e+23
4.962197641916359e+23
5.837806911370027e+23
5.299556162419108e+23
4.121740576865296e+23
5.837806911370027e+23
3.181156689452440e+23
5.299556162419108e+23
3.988278785330097e+23
4.575341471305084e+23
5.837806911370027e+23
4.962197641916359e+23
5.299556162419108e+23
4.390383038951827e+23
2.896025222830967e+23
2.745630862255801e+23
2.745630862255801e+23
1.155416328367890e+23
4.189339876702796e+23
5.342158764345423e+23
5.342158764345423e+23
2.235058587118022e+23
8.711615342233621e+22
4.355005018569055e+23
2.195043149742333e+23
5.312720715049057e+23
1.140650888749397e+23
2.382034782177698e+23
5.336345427657409e+23
4.165715164353594e+23
2.745630862255802e+23
2.896025222830967e+23
3.118261804402653e+23
4.341042212740132e+22
2.168739741288804e+23
1.092279299073020e+23
2.647749010046743e+23
5.650680614412830e+22
1.185199149396736e+23
2.659561366350918e+23
2.076339534976589e+23
1.362611525200907e+23
1.442658390347111e+23
1.554889283030200e+23
2.155755650706625e+22
1.075607103025396e+23
5.394208298301763e+22
1.315263158296028e+23
2.772766481030938e+22
5.853047891604061e+22
1.321169336448116e+23
1.033128264420426e+23
6.725784008313741e+22
7.159749744278424e+22
7.732030223439732e+22
1.063112371608421e+22
5.290407840677898e+22
2.644681394107497e+22
6.475436877582191e+22
1.333809416417529e+22
2.853576090422413e+22
6.504967768342631e+22
5.100460850100046e+22
3.260852944886930e+22
3.526332666963636e+22
3.838364366633112e+22
5.020252875780023e+21
2.542810802284918e+22
1.255152499990412e+22
3.151604970273367e+22
6.143308855018704e+21
1.368605636418099e+22
3.151604970273367e+22
2.499815398266190e+22
1.543152859760035e+22
1.694858684701291e+22
1.891531436408028e+22
2.362471923600034e+21
1.169012283088428e+22
5.751534984652789e+21
1.474923571238735e+22
2.398261745555065e+21
6.113549628294317e+21
1.474923571238735e+22
1.184727227131012e+22
6.695373706100772e+21
7.791216935701193e+21
9.181149726235470e+21
1.181235929048336e+21
4.968784711235634e+21
2.203885521693026e+21
6.365828717214196e+21
5.257381908232453e+20
2.327296260350983e+21
6.365828717214196e+21
5.271831415634228e+21
2.327296260350983e+21
3.212531980045332e+21
4.166412946005052e+21
2.953089822620839e+20
1.752553394774905e+21
1.659044555889844e+21
0.000000000000000e+00
1.752553394774905e+21
1.659044555889844e+21
2.953090054210197e+20
1.752553394774905e+21
1.659044555889844e+21
4.968784711235634e+21
2.327296260350983e+21
6.365828717214196e+21
5.257381908232453e+20
2.203885521693026e+21
3.212531980045332e+21
5.271831415634228e+21
2.327296260350983e+21
6.365828717214196e+21
4.719427816323847e+21
6.383390224059626e+21
7.177118258999842e+21
4.514746618659850e+21
3.774485218063082e+21
6.100206105801458e+21
5.483958467865206e+21
6.383390224059626e+21
7.177118258999842e+21
1.181235975366207e+21
4.968784711235634e+21
2.327296260350983e+21
3.212531980045332e+21
5.257381908232453e+20
2.327296260350983e+21
6.365828717214196e+21
5.271831415634228e+21
2.203885521693026e+21
6.365828717214196e+21
4.719427816323847e+21
3.774485218063082e+21
7.177118258999842e+21
4.514746618659850e+21
6.383390224059626e+21
7.177118258999842e+21
5.483958467865206e+21
6.383390224059626e+21
6.100206105801458e+21
1.169012283088428e+22
6.113549628294317e+21
1.474923571238735e+22
2.398261745555065e+21
5.751534984652789e+21
7.791216935701193e+21
1.184727227131012e+22
6.695373706100772e+21
1.474923571238735e+22
1.109790018283089e+22
1.476437211659221e+22
1.634361824758513e+22
1.084399685823391e+22
8.871839004030560e+21
1.402519235822939e+22
1.277654436179310e+22
1.476437211659221e+22
1.634361824758513e+22
2.953089915256582e+21
1.257014412709360e+22
6.695373706100771e+21
7.791216935701193e+21
2.398261745555065e+21
2.801008869790546e+21
5.258574495691968e+21
2.741967906456416e+21
2.801008869790546e+21
4.492140107685447e+21
1.208360685596283e+22
2.631148944386002e+21
4.492140107685447e+21
6.695373706100771e+21
1.533056938118878e+22
1.184727227131012e+22
6.799989926725052e+21
1.533056938118878e+22
1.109790018283089e+22
8.871839004030560e+21
1.634361824758513e+22
1.084399685823391e+22
1.476437211659221e+22
1.634361824758513e+22
1.277654436179310e+22
1.476437211659221e+22
1.402519235822939e+22
2.542810802284918e+22
1.368605636418099e+22
3.151604970273367e+22
6.143308855018704e+21
1.255152499990412e+22
1.694858684701291e+22
2.499815398266190e+22
1.543152859760035e+22
3.151604970273367e+22
2.415015387322116e+22
3.152633590165737e+22
3.467661822475569e+22
2.350249733738203e+22
1.877123764002130e+22
2.957985594046924e+22
2.706640722834455e+22
3.152633590165737e+22
3.467661822475569e+22
6.201488878278612e+21
2.630812934072322e+22
1.543152859760035e+22
1.694858684701291e+22
6.143308855018704e+21
1.543152859760035e+22
3.209738337153510e+22
2.499815398266191e+22
1.389528885264458e+22
3.209738337153510e+22
2.415015387322116e+22
1.877123764002130e+22
3.467661822475569e+22
2.350249733738203e+22
3.152633590165737e+22
3.467661822475569e+22
2.706640722834455e+22
3.152633590165737e+22
2.957985594046924e+22
5.290407840677898e+22
2.853576090422413e+22
6.475436877582191e+22
1.333809416417529e+22
2.644681394107497e+22
3.526332666963636e+22
5.100460850100046e+22
3.260852944886930e+22
6.504967768342631e+22
4.995935235794688e+22
6.475495456018691e+22
7.134261817909682e+22
4.852418939776845e+22
3.886534384794700e+22
6.068918312917172e+22
5.564613298669698e+22
6.475495456018691e+22
7.134261817909683e+22
1.299359572108139e+22
5.378409975857462e+22
3.260852944886930e+22
3.526332666963636e+22
1.333809412127839e+22
3.260852944886930e+22
6.563101135222774e+22
5.129991740536548e+22
2.779057779315307e+22
6.563101135222774e+22
4.995935235794688e+22
3.886534384794700e+22
7.134261817909682e+22
4.852418939776845e+22
6.475495456018691e+22
7.134261817909683e+22
5.564613298669698e+22
6.475495456018691e+22
6.068918312917172e+22
1.075607103025396e+23
5.853047891604061e+22
1.315263158296028e+23
2.772766481030938e+22
5.394208298301763e+22
7.159749744278424e+22
1.033128264420426e+23
6.725784008313741e+22
1.321169336448116e+23
1.015777492909629e+23
1.312121919251932e+23
1.446746180877791e+23
9.856757355279751e+22
7.875824739991425e+22
1.229078375904455e+23
1.131008933994566e+23
1.312121919251932e+23
1.446746180877791e+23
2.628250055543159e+22
1.087360406549458e+23
6.725784008313741e+22
7.159749744278424e+22
2.802297360646534e+22
6.725784008313741e+22
1.326982673136130e+23
1.039034442507726e+23
5.587646458550061e+22
1.326982673136130e+23
1.015777492909629e+23
7.875824739991425e+22
1.446746180877791e+23
9.856757355279751e+22
1.312121919251932e+23
1.446746180877791e+23
1.131008933994566e+23
1.312121919251932e+23
1.229078375904455e+23
2.168739741288804e+23
1.185199149396736e+23
2.647749010046743e+23
5.650680614412830e+22
1.092279299073020e+23
1.442658390347111e+23
2.076339534976589e+23
1.362611525200907e+23
2.659561366350918e+23
2.051098520894851e+23
2.641266666779198e+23
2.910433090952961e+23
1.986543419119848e+23
1.585440545578854e+23
2.473451463950272e+23
2.280104142249760e+23
2.641266666779198e+23
2.910433090952961e+23
5.315561907538734e+22
2.189352313274339e+23
1.362611525200907e+23
1.442658390347111e+23
5.709742373644022e+22
1.362611525200907e+23
2.665374703038933e+23
2.088151891151189e+23
1.117529292471226e+23
2.665374703038933e+23
2.051098520894851e+23
1.585440545578854e+23
2.910433090952961e+23
1.986543419119848e+23
2.641266666779198e+23
2.910433090952961e+23
2.280104142249760e+23
2.641266666779198e+23
2.473451463950272e+23
4.355005018569055e+23
2.382034782177698e+23
5.312720715049057e+23
1.140650888749397e+23
2.195043149742333e+23
2.896025222830967e+23
4.165715164353594e+23
2.745630862255802e+23
5.336345427657409e+23
4.121740576865296e+23
5.299556162419108e+23
5.837806911370027e+23
3.988278785330097e+23
3.181156689452440e+23
4.962197641916359e+23
4.575341471305084e+23
5.299556162419108e+23
5.837806911370027e+23
1.069018561152989e+23
4.390383038951827e+23
2.745630862255801e+23
2.896025222830967e+23
1.155416328367890e+23
2.745630862255801e+23
5.342158764345423e+23
4.189339876702796e+23
2.235058587118022e+23
5.342158764345423e+23
4.121740576865296e+23
3.181156689452440e+23
5.837806911370027e+23
3.988278785330097e+23
5.299556162419108e+23
5.837806911370027e+23
4.575341471305084e+23
5.299556162419108e+23
4.962197641916359e+23
8.711615342233621e+22
4.355005018569055e+23
2.195043149742333e+23
1.140650888749397e+23
5.312720715049057e+23
2.382034782177698e+23
5.336345427657409e+23
2.745630862255802e+23
4.165715164353594e+23
2.896025222830967e+23
4.341042212740132e+22
2.168739741288804e+23
1.092279299073020e+23
5.650680614412830e+22
2.647749010046743e+23
1.185199149396736e+23
2.659561366350918e+23
1.362611525200907e+23
2.076339534976589e+23
1.442658390347111e+23
2.155755650706625e+22
1.075607103025396e+23
5.394208298301763e+22
2.772766481030938e+22
1.315263158296028e+23
5.853047891604061e+22
1.321169336448116e+23
6.725784008313741e+22
1.033128264420426e+23
7.159749744278424e+22
1.063112371608421e+22
5.290407840677898e+22
2.644681394107497e+22
1.333809416417529e+22
6.475436877582191e+22
2.853576090422413e+22
6.504967768342631e+22
3.260852944886930e+22
5.100460850100046e+22
3.526332666963636e+22
5.020252875780023e+21
2.542810802284918e+22
1.255152499990412e+22
6.143308855018704e+21
3.151604970273367e+22
1.368605636418099e+22
3.151604970273367e+22
1.543152859760035e+22
2.499815398266190e+22
1.694858684701291e+22
2.362471923600034e+21
1.169012283088428e+22
5.751534984652789e+21
2.398261745555065e+21
1.474923571238735e+22
6.113549628294317e+21
1.474923571238735e+22
6.695373706100772e+21
1.184727227131012e+22
7.791216935701193e+21
1.181235929048336e+21
4.968784711235634e+21
2.203885521693026e+21
5.257381908232453e+20
6.365828717214196e+21
2.327296260350983e+21
6.365828717214196e+21
2.327296260350983e+21
5.271831415634228e+21
3.212531980045332e+21
2.953089822620839e+20
1.752553394774905e+21
0.000000000000000e+00
1.659044555889844e+21
1.752553394774905e+21
1.659044555889844e+21
1.752553394774905e+21
2.953090054210197e+20
1.659044555889844e+21
4.166412946005052e+21
4.968784711235634e+21
2.327296260350983e+21
5.257381908232453e+20
6.365828717214196e+21
2.203885521693026e+21
3.212531980045332e+21
2.327296260350983e+21
5.271831415634228e+21
6.365828717214196e+21
4.719427816323847e+21
6.383390224059626e+21
4.514746618659850e+21
7.177118258999842e+21
3.774485218063082e+21
6.100206105801458e+21
6.383390224059626e+21
5.483958467865206e+21
7.177118258999842e+21
4.968784711235634e+21
2.327296260350983e+21
5.257381908232453e+20
3.212531980045332e+21
2.327296260350983e+21
6.365828717214196e+21
2.203885521693026e+21
5.271831415634228e+21
6.365828717214196e+21
1.181235975366207e+21
4.719427816323847e+21
3.774485218063082e+21
4.514746618659850e+21
7.177118258999842e+21
6.383390224059626e+21
7.177118258999842e+21
6.383390224059626e+21
5.483958467865206e+21
6.100206105801458e+21
9.181149726235470e+21
1.169012283088428e+22
6.113549628294317e+21
2.398261745555065e+21
1.474923571238735e+22
5.751534984652789e+21
7.791216935701193e+21
6.695373706100772e+21
1.184727227131012e+22
1.474923571238735e+22
1.109790018283089e+22
1.476437211659221e+22
1.084399685823391e+22
1.634361824758513e+22
8.871839004030560e+21
1.402519235822939e+22
1.476437211659221e+22
1.277654436179310e+22
1.634361824758513e+22
1.257014412709360e+22
6.695373706100771e+21
2.398261745555065e+21
2.801008869790546e+21
2.741967906456416e+21
5.258574495691968e+21
2.801008869790546e+21
4.492140107685447e+21
2.631148944386002e+21
1.208360685596283e+22
4.492140107685447e+21
7.791216935701193e+21
6.695373706100771e+21
1.533056938118878e+22
6.799989926725052e+21
1.184727227131012e+22
1.533056938118878e+22
2.953089915256582e+21
1.109790018283089e+22
8.871839004030560e+21
1.084399685823391e+22
1.634361824758513e+22
1.476437211659221e+22
1.634361824758513e+22
1.476437211659221e+22
1.277654436179310e+22
1.402519235822939e+22
1.891531436408028e+22
2.542810802284918e+22
1.368605636418099e+22
6.143308855018704e+21
3.151604970273367e+22
1.255152499990412e+22
1.694858684701291e+22
1.543152859760035e+22
2.499815398266190e+22
3.151604970273367e+22
2.415015387322116e+22
3.152633590165737e+22
2.350249733738203e+22
3.467661822475569e+22
1.877123764002130e+22
2.957985594046924e+22
3.152633590165737e+22
2.706640722834455e+22
3.467661822475569e+22
2.630812934072322e+22
1.543152859760035e+22
6.143308855018704e+21
1.694858684701291e+22
1.543152859760035e+22
3.209738337153510e+22
1.389528885264458e+22
2.499815398266191e+22
3.209738337153510e+22
6.201488878278612e+21
2.415015387322116e+22
1.877123764002130e+22
2.350249733738203e+22
3.467661822475569e+22
3.152633590165737e+22
3.467661822475569e+22
3.152633590165737e+22
2.706640722834455e+22
2.957985594046924e+22
3.838364366633112e+22
5.290407840677898e+22
2.853576090422413e+22
1.333809416417529e+22
6.475436877582191e+22
2.644681394107497e+22
3.526332666963636e+22
3.260852944886930e+22
5.100460850100046e+22
6.504967768342631e+22
4.995935235794688e+22
6.475495456018691e+22
4.852418939776845e+22
7.134261817909682e+22
3.886534384794700e+22
6.068918312917172e+22
6.475495456018691e+22
5.564613298669698e+22
7.134261817909683e+22
5.378409975857462e+22
3.260852944886930e+22
1.333809412127839e+22
3.526332666963636e+22
3.260852944886930e+22
6.563101135222774e+22
2.779057779315307e+22
5.129991740536548e+22
6.563101135222774e+22
1.299359572108139e+22
4.995935235794688e+22
3.886534384794700e+22
4.852418939776845e+22
7.134261817909682e+22
6.475495456018691e+22
7.134261817909683e+22
6.475495456018691e+22
5.564613298669698e+22
6.068918312917172e+22
7.732030223439732e+22
1.075607103025396e+23
5.853047891604061e+22
2.772766481030938e+22
1.315263158296028e+23
5.394208298301763e+22
7.159749744278424e+22
6.725784008313741e+22
1.033128264420426e+23
1.321169336448116e+23
1.015777492909629e+23
1.312121919251932e+23
9.856757355279751e+22
1.446746180877791e+23
7.875824739991425e+22
1.229078375904455e+23
1.312121919251932e+23
1.131008933994566e+23
1.446746180877791e+23
1.087360406549458e+23
6.725784008313741e+22
2.802297360646534e+22
7.159749744278424e+22
6.725784008313741e+22
1.326982673136130e+23
5.587646458550061e+22
1.039034442507726e+23
1.326982673136130e+23
2.628250055543159e+22
1.015777492909629e+23
7.875824739991425e+22
9.856757355279751e+22
1.446746180877791e+23
1.312121919251932e+23
1.446746180877791e+23
1.312121919251932e+23
1.131008933994566e+23
1.229078375904455e+23
1.554889283030200e+23
2.168739741288804e+23
1.185199149396736e+23
5.650680614412830e+22
2.647749010046743e+23
1.092279299073020e+23
1.442658390347111e+23
1.362611525200907e+23
2.076339534976589e+23
2.659561366350918e+23
2.051098520894851e+23
2.641266666779198e+23
1.986543419119848e+23
2.910433090952961e+23
1.585440545578854e+23
2.473451463950272e+23
2.641266666779198e+23
2.280104142249760e+23
2.910433090952961e+23
2.189352313274339e+23
1.362611525200907e+23
5.709742373644022e+22
1.442658390347111e+23
1.362611525200907e+23
2.665374703038933e+23
1.117529292471226e+23
2.088151891151189e+23
2.665374703038933e+23
5.315561907538734e+22
2.051098520894851e+23
1.585440545578854e+23
1.986543419119848e+23
2.910433090952961e+23
2.641266666779198e+23
2.910433090952961e+23
2.641266666779198e+23
2.280104142249760e+23
2.473451463950272e+23
3.118261804402653e+23
4.355005018569055e+23
2.382034782177698e+23
1.140650888749397e+23
5.312720715049057e+23
2.195043149742333e+23
2.896025222830967e+23
2.745630862255802e+23
4.165715164353594e+23
5.336345427657409e+23
4.121740576865296e+23
5.299556162419108e+23
3.988278785330097e+23
5.837806911370027e+23
3.181156689452440e+23
4.962197641916359e+23
5.299556162419108e+23
4.575341471305084e+23
5.837806911370027e+23
4.390383038951827e+23
2.745630862255801e+23
1.155416328367890e+23
2.896025222830967e+23
2.745630862255801e+23
5.342158764345423e+23
2.235058587118022e+23
4.189339876702796e+23
5.342158764345423e+23
1.069018561152989e+23
4.121740576865296e+23
3.181156689452440e+23
3.988278785330097e+23
5.837806911370027e+23
5.299556162419108e+23
5.837806911370027e+23
5.299556162419108e+23
4.575341471305084e+23
4.962197641916359e+23
8.711615342233621e+22
4.341042212740132e+22
2.155755650706625e+22
1.063112371608421e+22
5.020252875780023e+21
2.362471923600034e+21
1.181235929048336e+21
2.953089822620839e+20
0.000000000000000e+00
1.752553394774905e+21
1.752553394774905e+21
1.659044555889844e+21
1.752553394774905e+21
1.659044555889844e+21
1.659044555889844e+21
2.953090054210197e+20
4.968784711235634e+21
5.257381908232453e+20
2.203885521693026e+21
2.327296260350983e+21
6.365828717214196e+21
2.327296260350983e+21
6.365828717214196e+21
3.212531980045332e+21
5.271831415634228e+21
4.968784711235634e+21
5.257381908232453e+20
2.327296260350983e+21
2.203885521693026e+21
6.365828717214196e+21
2.327296260350983e+21
3.212531980045332e+21
6.365828717214196e+21
5.271831415634228e+21
4.166412946005052e+21
4.968784711235634e+21
5.257381908232453e+20
2.327296260350983e+21
2.327296260350983e+21
3.212531980045332e+21
2.203885521693026e+21
6.365828717214196e+21
6.365828717214196e+21
5.271831415634228e+21
4.719427816323847e+21
4.514746618659850e+21
6.383390224059626e+21
3.774485218063082e+21
7.177118258999842e+21
6.383390224059626e+21
6.100206105801458e+21
7.177118258999842e+21
5.483958467865206e+21
4.719427816323847e+21
4.514746618659850e+21
3.774485218063082e+21
6.383390224059626e+21
7.177118258999842e+21
6.383390224059626e+21
7.177118258999842e+21
6.100206105801458e+21
5.483958467865206e+21
1.181235975366207e+21
1.169012283088428e+22
2.398261745555065e+21
5.751534984652789e+21
6.113549628294317e+21
1.474923571238735e+22
6.695373706100772e+21
1.474923571238735e+22
7.791216935701193e+21
1.184727227131012e+22
1.169012283088428e+22
2.398261745555065e+21
6.113549628294317e+21
5.751534984652789e+21
1.474923571238735e+22
6.695373706100772e+21
7.791216935701193e+21
1.474923571238735e+22
1.184727227131012e+22
9.181149726235470e+21
1.257014412709360e+22
2.398261745555065e+21
2.741967906456416e+21
2.801008869790546e+21
2.801008869790546e+21
5.258574495691968e+21
2.631148944386002e+21
4.492140107685447e+21
4.492140107685447e+21
1.208360685596283e+22
6.695373706100771e+21
6.695373706100771e+21
7.791216935701193e+21
6.799989926725052e+21
1.533056938118878e+22
1.533056938118878e+22
1.184727227131012e+22
1.109790018283089e+22
1.084399685823391e+22
1.476437211659221e+22
8.871839004030560e+21
1.634361824758513e+22
1.476437211659221e+22
1.402519235822939e+22
1.634361824758513e+22
1.277654436179310e+22
1.109790018283089e+22
1.084399685823391e+22
8.871839004030560e+21
1.476437211659221e+22
1.634361824758513e+22
1.476437211659221e+22
1.634361824758513e+22
1.402519235822939e+22
1.277654436179310e+22
2.953089915256582e+21
2.542810802284918e+22
6.143308855018704e+21
1.255152499990412e+22
1.368605636418099e+22
3.151604970273367e+22
1.543152859760035e+22
3.151604970273367e+22
1.694858684701291e+22
2.499815398266190e+22
2.542810802284918e+22
6.143308855018704e+21
1.368605636418099e+22
1.255152499990412e+22
3.151604970273367e+22
1.543152859760035e+22
1.694858684701291e+22
3.151604970273367e+22
2.499815398266190e+22
1.891531436408028e+22
2.630812934072322e+22
6.143308855018704e+21
1.543152859760035e+22
1.543152859760035e+22
1.694858684701291e+22
1.389528885264458e+22
3.209738337153510e+22
3.209738337153510e+22
2.499815398266191e+22
2.415015387322116e+22
2.350249733738203e+22
3.152633590165737e+22
1.877123764002130e+22
3.467661822475569e+22
3.152633590165737e+22
2.957985594046924e+22
3.467661822475569e+22
2.706640722834455e+22
2.415015387322116e+22
2.350249733738203e+22
1.877123764002130e+22
3.152633590165737e+22
3.467661822475569e+22
3.152633590165737e+22
3.467661822475569e+22
2.957985594046924e+22
2.706640722834455e+22
6.201488878278612e+21
5.290407840677898e+22
1.333809416417529e+22
2.644681394107497e+22
2.853576090422413e+22
6.475436877582191e+22
3.260852944886930e+22
6.504967768342631e+22
3.526332666963636e+22
5.100460850100046e+22
5.290407840677898e+22
1.333809416417529e+22
2.853576090422413e+22
2.644681394107497e+22
6.475436877582191e+22
3.260852944886930e+22
3.526332666963636e+22
6.504967768342631e+22
5.100460850100046e+22
3.838364366633112e+22
5.378409975857462e+22
1.333809412127839e+22
3.260852944886930e+22
3.260852944886930e+22
3.526332666963636e+22
2.779057779315307e+22
6.563101135222774e+22
6.563101135222774e+22
5.129991740536548e+22
4.995935235794688e+22
4.852418939776845e+22
6.475495456018691e+22
3.886534384794700e+22
7.134261817909682e+22
6.475495456018691e+22
6.068918312917172e+22
7.134261817909683e+22
5.564613298669698e+22
4.995935235794688e+22
4.852418939776845e+22
3.886534384794700e+22
6.475495456018691e+22
7.134261817909682e+22
6.475495456018691e+22
7.134261817909683e+22
6.068918312917172e+22
5.564613298669698e+22
1.299359572108139e+22
1.075607103025396e+23
2.772766481030938e+22
5.394208298301763e+22
5.853047891604061e+22
1.315263158296028e+23
6.725784008313741e+22
1.321169336448116e+23
7.159749744278424e+22
1.033128264420426e+23
1.075607103025396e+23
2.772766481030938e+22
5.853047891604061e+22
5.394208298301763e+22
1.315263158296028e+23
6.725784008313741e+22
7.159749744278424e+22
1.321169336448116e+23
1.033128264420426e+23
7.732030223439732e+22
1.087360406549458e+23
2.802297360646534e+22
6.725784008313741e+22
6.725784008313741e+22
7.159749744278424e+22
5.587646458550061e+22
1.326982673136130e+23
1.326982673136130e+23
1.039034442507726e+23
1.015777492909629e+23
9.856757355279751e+22
1.312121919251932e+23
7.875824739991425e+22
1.446746180877791e+23
1.312121919251932e+23
1.229078375904455e+23
1.446746180877791e+23
1.131008933994566e+23
1.015777492909629e+23
9.856757355279751e+22
7.875824739991425e+22
1.312121919251932e+23
1.446746180877791e+23
1.312121919251932e+23
1.446746180877791e+23
1.229078375904455e+23
1.131008933994566e+23
2.628250055543159e+22
2.168739741288804e+23
5.650680614412830e+22
1.092279299073020e+23
1.185199149396736e+23
2.647749010046743e+23
1.362611525200907e+23
2.659561366350918e+23
1.442658390347111e+23
2.076339534976589e+23
2.168739741288804e+23
5.650680614412830e+22
1.185199149396736e+23
1.092279299073020e+23
2.647749010046743e+23
1.362611525200907e+23
1.442658390347111e+23
2.659561366350918e+23
2.076339534976589e+23
1.554889283030200e+23
2.189352313274339e+23
5.709742373644022e+22
1.362611525200907e+23
1.362611525200907e+23
1.442658390347111e+23
1.117529292471226e+23
2.665374703038933e+23
2.665374703038933e+23
2.088151891151189e+23
2.051098520894851e+23
1.986543419119848e+23
2.641266666779198e+23
1.585440545578854e+23
2.910433090952961e+23
2.641266666779198e+23
2.473451463950272e+23
2.910433090952961e+23
2.280104142249760e+23
2.051098520894851e+23
1.986543419119848e+23
1.585440545578854e+23
2.641266666779198e+23
2.910433090952961e+23
2.641266666779198e+23
2.910433090952961e+23
2.473451463950272e+23
2.280104142249760e+23
5.315561907538734e+22
4.355005018569055e+23
1.140650888749397e+23
2.195043149742333e+23
2.382034782177698e+23
5.312720715049057e+23
2.745630862255802e+23
5.336345427657409e+23
2.896025222830967e+23
4.165715164353594e+23
4.355005018569055e+23
1.140650888749397e+23
2.382034782177698e+23
2.195043149742333e+23
5.312720715049057e+23
2.745630862255802e+23
2.896025222830967e+23
5.336345427657409e+23
4.165715164353594e+23
3.118261804402653e+23
4.390383038951827e+23
1.155416328367890e+23
2.745630862255801e+23
2.745630862255801e+23
2.896025222830967e+23
2.235058587118022e+23
5.342158764345423e+23
5.342158764345423e+23
4.189339876702796e+23
4.121740576865296e+23
3.988278785330097e+23
5.299556162419108e+23
3.181156689452440e+23
5.837806911370027e+23
5.299556162419108e+23
4.962197641916359e+23
5.837806911370027e+23
4.575341471305084e+23
4.121740576865296e+23
3.988278785330097e+23
3.181156689452440e+23
5.299556162419108e+23
5.837806911370027e+23
5.299556162419108e+23
5.837806911370027e+23
4.962197641916359e+23
4.575341471305084e+23
1.069018561152989e+23
